1000 14 10
2000 15 9
3000 15 9
4000 15 9
5000 17 7
6000 18 6
8000 17 7
9000 17 7
10000 15 9
11000 15 9
12000 16 8
13000 15 9
14000 15 9
15000 14 10
16000 14 10
17000 16 8
25000 16 8
26000 18 6
27000 15 9
28000 18 6
29000 16 8
31000 17 7
36000 12 12
37000 18 6
40000 15 9
46000 12 12
48000 16 8
50000 14 10
52000 12 12
56000 13 11
57000 13 11
59000 12 12
60000 13 11
61000 17 7
62000 15 9
63000 15 9
64000 15 9
65000 13 11
70000 12 12
72000 12 12
73000 12 12
90000 12 12
91000 13 11
94000 15 9
97000 16 8
101000 14 10
103000 18 6
105000 14 10
106000 13 11
107000 19 5
108000 18 6
109000 18 6
110000 14 10
112000 12 12
116000 12 12
117000 12 12
121000 14 10
122000 18 6
123000 19 5
124000 14 10
125000 14 10
128000 15 9
130000 18 6
133000 19 5
134000 15 9
135000 20 4
136000 12 12
139000 19 5
140000 19 5
144000 12 12
147000 12 12
152000 14 10
154000 12 12
155000 20 4
157000 15 9
158000 12 12
159000 14 10
160000 15 9
161000 14 10
162000 13 11
163000 13 11
164000 13 11
165000 15 9
166000 13 11
167000 13 11
168000 13 11
169000 12 12
170000 12 12
171000 12 12
172000 12 12
173000 15 9
174000 14 10
175000 13 11
176000 12 12
177000 12 12
178000 14 10
179000 14 10
180000 12 12
181000 12 12
182000 12 12
184000 12 12
187000 12 12
188000 12 12
189000 12 12
191000 12 12
192000 12 12
193000 13 11
194000 12 12
195000 12 12
196000 12 12
197000 12 12
198000 17 7
205000 14 10
214000 12 12
218000 12 12
223000 15 9
236000 16 8
241000 18 6
242000 13 11
243000 15 9
244000 20 4
245000 14 10
252000 15 9
254000 15 9
255000 15 9
265000 19 5
266000 17 7
267000 19 5
270000 19 5
271000 17 7
272000 18 6
273000 17 7
274000 20 4
275000 20 4
276000 14 10
277000 18 6
278000 12 12
279000 12 12
280000 22 2
281000 21 3
282000 21 3
283000 21 3
284000 14 10
285000 20 4
286000 13 11
287000 14 10
288000 12 12
289000 19 5
290000 20 4
294000 12 12
295000 18 6
297000 18 6
300000 18 6
301000 18 6
302000 16 8
303000 18 6
304000 19 5
305000 17 7
306000 17 7
307000 19 5
308000 18 6
309000 18 6
310000 21 3
311000 18 6
312000 21 3
313000 20 4
314000 20 4
315000 18 6
316000 16 8
317000 20 4
319000 17 7
320000 16 8
321000 19 5
322000 17 7
323000 21 3
324000 17 7
325000 19 5
326000 21 3
327000 21 3
328000 20 4
329000 18 6
330000 21 3
331000 20 4
332000 21 3
333000 19 5
334000 15 9
335000 16 8
336000 18 6
337000 19 5
338000 17 7
339000 18 6
340000 14 10
341000 18 6
342000 20 4
343000 12 12
345000 19 5
346000 18 6
352000 13 11
354000 19 5
355000 20 4
356000 19 5
357000 18 6
358000 20 4
359000 20 4
360000 20 4
361000 20 4
362000 20 4
363000 19 5
364000 19 5
365000 17 7
366000 18 6
367000 19 5
368000 19 5
369000 21 3
370000 21 3
371000 21 3
372000 18 6
373000 16 8
374000 20 4
375000 19 5
376000 18 6
377000 19 5
378000 19 5
379000 19 5
380000 13 11
381000 16 8
383000 16 8
385000 19 5
386000 21 3
388000 19 5
389000 12 12
390000 18 6
391000 16 8
392000 15 9
393000 19 5
394000 18 6
395000 17 7
396000 20 4
397000 19 5
398000 20 4
399000 19 5
400000 19 5
401000 19 5
405000 19 5
407000 21 3
408000 18 6
409000 14 10
410000 19 5
411000 19 5
412000 20 4
413000 14 10
414000 17 7
415000 22 2
416000 21 3
417000 21 3
418000 22 2
419000 13 11
420000 13 11
421000 22 2
422000 22 2
423000 21 3
424000 22 2
425000 21 3
426000 19 5
427000 21 3
428000 17 7
429000 19 5
430000 19 5
431000 19 5
432000 17 7
433000 15 9
434000 19 5
435000 21 3
436000 20 4
437000 18 6
438000 22 2
439000 13 11
440000 18 6
441000 15 9
442000 13 11
443000 19 5
444000 18 6
446000 15 9
447000 17 7
448000 13 11
449000 13 11
450000 15 9
451000 18 6
452000 13 11
453000 15 9
454000 15 9
456000 13 11
457000 15 9
459000 20 4
460000 15 9
461000 13 11
466000 18 6
467000 13 11
468000 15 9
469000 13 11
472000 12 12
473000 15 9
474000 15 9
477000 16 8
481000 16 8
483000 15 9
484000 14 10
487000 15 9
488000 15 9
489000 14 10
490000 15 9
491000 14 10
492000 15 9
493000 15 9
494000 14 10
495000 20 4
496000 14 10
497000 14 10
498000 12 12
499000 14 10
500000 12 12
501000 12 12
502000 15 9
503000 14 10
504000 14 10
505000 13 11
506000 16 8
507000 13 11
508000 13 11
509000 13 11
510000 15 9
511000 14 10
512000 14 10
513000 12 12
514000 14 10
515000 14 10
516000 14 10
517000 13 11
518000 12 12
519000 14 10
520000 15 9
521000 13 11
522000 15 9
523000 15 9
524000 15 9
525000 15 9
526000 14 10
527000 13 11
528000 13 11
530000 15 9
531000 17 7
532000 18 6
533000 18 6
534000 18 6
535000 19 5
536000 18 6
537000 16 8
538000 19 5
539000 17 7
540000 17 7
541000 17 7
542000 17 7
543000 18 6
544000 17 7
545000 17 7
546000 17 7
547000 18 6
548000 16 8
549000 18 6
550000 17 7
551000 19 5
552000 22 2
553000 20 4
554000 17 7
555000 18 6
556000 18 6
557000 18 6
558000 14 10
559000 13 11
560000 13 11
561000 13 11
562000 13 11
563000 15 9
564000 19 5
565000 17 7
566000 17 7
567000 19 5
568000 15 9
571000 15 9
573000 19 5
577000 14 10
578000 14 10
579000 13 11
580000 15 9
583000 12 12
588000 12 12
590000 13 11
591000 14 10
592000 14 10
593000 12 12
599000 13 11
601000 16 8
602000 12 12
604000 14 10
605000 13 11
608000 12 12
609000 12 12
610000 17 7
611000 13 11
616000 12 12
622000 13 11
625000 13 11
626000 13 11
627000 13 11
628000 15 9
629000 12 12
630000 14 10
631000 13 11
632000 14 10
633000 16 8
634000 16 8
635000 18 6
636000 12 12
637000 12 12
638000 17 7
639000 16 8
640000 12 12
641000 17 7
642000 16 8
643000 14 10
644000 14 10
645000 12 12
646000 16 8
647000 18 6
648000 12 12
649000 14 10
651000 13 11
653000 17 7
654000 19 5
656000 14 10
657000 13 11
658000 18 6
659000 20 4
660000 12 12
661000 12 12
662000 18 6
663000 18 6
664000 16 8
668000 15 9
669000 15 9
674000 15 9
675000 14 10
676000 12 12
678000 16 8
679000 16 8
680000 17 7
681000 15 9
682000 17 7
684000 16 8
693000 20 4
694000 19 5
695000 17 7
696000 17 7
704000 17 7
705000 15 9
706000 17 7
707000 16 8
708000 17 7
709000 17 7
710000 17 7
711000 13 11
712000 14 10
713000 12 12
715000 18 6
716000 14 10
719000 13 11
720000 19 5
722000 16 8
723000 12 12
724000 18 6
726000 20 4
728000 18 6
729000 12 12
730000 18 6
732000 17 7
733000 17 7
734000 17 7
735000 17 7
736000 17 7
737000 17 7
739000 13 11
740000 18 6
741000 17 7
742000 18 6
743000 19 5
744000 16 8
745000 21 3
746000 16 8
747000 17 7
748000 20 4
749000 18 6
751000 13 11
755000 16 8
756000 17 7
759000 16 8
760000 16 8
761000 16 8
762000 16 8
763000 16 8
765000 14 10
766000 17 7
767000 17 7
772000 17 7
776000 16 8
779000 16 8
780000 19 5
781000 16 8
782000 17 7
783000 17 7
784000 18 6
787000 18 6
788000 20 4
790000 18 6
791000 21 3
793000 17 7
794000 17 7
795000 20 4
796000 19 5
797000 12 12
798000 21 3
799000 14 10
801000 19 5
802000 22 2
803000 19 5
804000 18 6
805000 15 9
807000 17 7
808000 15 9
809000 18 6
810000 17 7
811000 17 7
812000 13 11
814000 18 6
815000 12 12
816000 18 6
817000 19 5
818000 19 5
820000 16 8
823000 16 8
828000 19 5
829000 17 7
830000 22 2
831000 21 3
832000 19 5
833000 17 7
834000 15 9
835000 18 6
836000 16 8
837000 18 6
838000 21 3
839000 19 5
840000 21 3
841000 19 5
842000 19 5
843000 19 5
844000 19 5
845000 21 3
846000 19 5
847000 20 4
848000 21 3
849000 21 3
850000 21 3
851000 19 5
852000 22 2
853000 16 8
854000 22 2
855000 20 4
856000 20 4
857000 21 3
858000 21 3
859000 22 2
860000 24 0
861000 22 2
862000 21 3
863000 24 0
864000 20 4
865000 22 2
866000 21 3
867000 22 2
868000 19 5
869000 19 5
870000 19 5
871000 15 9
872000 20 4
873000 13 11
874000 14 10
875000 23 1
876000 23 1
877000 22 2
878000 22 2
879000 21 3
880000 19 5
881000 18 6
882000 17 7
883000 20 4
884000 20 4
885000 19 5
886000 19 5
887000 22 2
888000 19 5
889000 13 11
890000 16 8
891000 18 6
892000 14 10
893000 18 6
894000 15 9
895000 18 6
896000 18 6
897000 13 11
898000 13 11
899000 12 12
900000 17 7
901000 17 7
902000 15 9
903000 15 9
904000 21 3
905000 12 12
906000 17 7
908000 13 11
909000 17 7
910000 16 8
911000 18 6
912000 12 12
913000 15 9
914000 12 12
915000 19 5
916000 17 7
917000 15 9
918000 16 8
920000 13 11
921000 17 7
922000 19 5
923000 12 12
924000 12 12
925000 12 12
927000 12 12
928000 14 10
929000 16 8
930000 14 10
931000 14 10
932000 16 8
933000 17 7
934000 17 7
935000 18 6
936000 15 9
937000 15 9
938000 15 9
939000 15 9
940000 15 9
941000 15 9
942000 15 9
943000 19 5
944000 18 6
945000 12 12
946000 17 7
947000 15 9
948000 15 9
949000 13 11
950000 15 9
951000 15 9
952000 17 7
953000 15 9
954000 15 9
955000 17 7
956000 12 12
957000 15 9
958000 17 7
959000 15 9
960000 15 9
961000 15 9
962000 17 7
963000 16 8
964000 15 9
965000 18 6
966000 16 8
967000 19 5
968000 19 5
969000 16 8
970000 17 7
971000 16 8
972000 19 5
973000 19 5
974000 20 4
975000 18 6
976000 18 6
977000 15 9
978000 17 7
979000 15 9
980000 14 10
981000 15 9
982000 17 7
983000 13 11
984000 14 10
985000 17 7
986000 20 4
987000 14 10
988000 16 8
989000 17 7
990000 18 6
991000 16 8
992000 17 7
993000 13 11
994000 20 4
995000 19 5
996000 13 11
997000 18 6
998000 21 3
999000 16 8
1000000 18 6
1001000 18 6
1002000 18 6
1003000 19 5
1004000 18 6
1005000 20 4
1006000 17 7
1007000 16 8
1008000 16 8
1009000 18 6
1010000 17 7
1011000 14 10
1012000 15 9
1013000 15 9
1014000 19 5
1015000 16 8
1016000 17 7
1017000 17 7
1018000 16 8
1019000 17 7
1020000 21 3
1021000 20 4
1022000 20 4
1023000 17 7
1024000 18 6
1025000 17 7
1026000 17 7
1027000 18 6
1028000 19 5
1029000 16 8
1030000 16 8
1031000 16 8
1032000 17 7
1033000 16 8
1034000 16 8
1035000 17 7
1036000 19 5
1037000 13 11
1038000 17 7
1039000 15 9
1040000 16 8
1041000 15 9
1042000 17 7
1043000 14 10
1044000 12 12
1045000 14 10
1046000 17 7
1047000 16 8
1048000 14 10
1049000 16 8
1050000 15 9
1051000 18 6
1052000 18 6
1053000 15 9
1054000 17 7
1055000 15 9
1056000 17 7
1057000 14 10
1058000 16 8
1059000 17 7
1060000 17 7
1061000 17 7
1062000 16 8
1063000 17 7
1064000 16 8
1065000 16 8
1066000 14 10
1067000 15 9
1068000 15 9
1069000 14 10
1070000 15 9
1071000 15 9
1072000 14 10
1073000 15 9
1074000 14 10
1075000 14 10
1076000 15 9
1077000 15 9
1078000 14 10
1079000 15 9
1080000 15 9
1081000 16 8
1082000 15 9
1083000 15 9
1084000 17 7
1085000 20 4
1086000 23 1
1087000 21 3
1088000 16 8
1089000 15 9
1090000 15 9
1091000 16 8
1092000 17 7
1093000 17 7
1094000 16 8
1095000 17 7
1096000 14 10
1097000 15 9
1098000 19 5
1099000 15 9
1100000 20 4
1101000 15 9
1102000 14 10
1103000 19 5
1104000 18 6
1105000 16 8
1106000 16 8
1107000 16 8
1108000 17 7
1109000 16 8
1110000 15 9
1111000 15 9
1112000 14 10
1113000 19 5
1114000 18 6
1115000 15 9
1116000 17 7
1117000 17 7
1118000 18 6
1119000 18 6
1120000 17 7
1121000 14 10
1122000 15 9
1123000 15 9
1124000 14 10
1125000 15 9
1126000 15 9
1127000 18 6
1128000 22 2
1129000 22 2
1130000 14 10
1131000 14 10
1132000 17 7
1133000 14 10
1134000 15 9
1135000 14 10
1136000 16 8
1137000 18 6
1138000 17 7
1139000 18 6
1140000 13 11
1141000 13 11
1142000 14 10
1143000 13 11
1144000 16 8
1145000 13 11
1146000 13 11
1147000 13 11
1148000 13 11
1149000 17 7
1150000 13 11
1151000 22 2
1152000 19 5
1153000 18 6
1154000 22 2
1155000 14 10
1156000 14 10
1157000 18 6
1158000 15 9
1159000 19 5
1160000 15 9
1161000 15 9
1162000 18 6
1163000 18 6
1164000 19 5
1165000 18 6
1166000 15 9
1167000 18 6
1168000 19 5
1169000 16 8
1170000 15 9
1171000 15 9
1172000 16 8
1173000 14 10
1174000 18 6
1175000 19 5
1176000 17 7
1177000 18 6
1178000 18 6
1179000 18 6
1180000 16 8
1181000 15 9
1182000 14 10
1183000 15 9
1184000 16 8
1185000 17 7
1186000 15 9
1187000 15 9
1188000 19 5
1189000 16 8
1190000 17 7
1191000 21 3
1192000 16 8
1193000 16 8
1194000 15 9
1195000 15 9
1196000 16 8
1197000 19 5
1198000 19 5
1199000 16 8
1200000 18 6
1201000 16 8
1202000 17 7
1203000 18 6
1204000 17 7
1205000 18 6
1206000 15 9
1207000 18 6
1208000 15 9
1209000 18 6
1210000 16 8
1211000 16 8
1212000 17 7
1213000 16 8
1214000 18 6
1215000 18 6
1216000 17 7
1217000 19 5
1218000 19 5
1219000 18 6
1220000 19 5
1221000 19 5
1222000 19 5
1223000 18 6
1224000 16 8
1225000 18 6
1226000 17 7
1227000 17 7
1228000 17 7
1229000 16 8
1230000 16 8
1231000 16 8
1232000 16 8
1233000 20 4
1234000 17 7
1235000 18 6
1236000 19 5
1237000 21 3
1238000 17 7
1239000 15 9
1240000 17 7
1241000 16 8
1242000 23 1
1243000 21 3
1244000 23 1
1245000 22 2
1246000 19 5
1247000 20 4
1248000 16 8
1249000 18 6
1250000 17 7
1251000 15 9
1252000 18 6
1253000 19 5
1254000 17 7
1255000 18 6
1256000 21 3
1257000 21 3
1258000 15 9
1259000 18 6
1260000 19 5
1261000 15 9
1262000 15 9
1263000 14 10
1264000 14 10
1265000 14 10
1266000 13 11
1267000 14 10
1268000 14 10
1269000 17 7
1270000 14 10
1271000 14 10
1272000 14 10
1273000 14 10
1274000 14 10
1275000 14 10
1276000 14 10
1277000 14 10
1278000 14 10
1279000 18 6
1280000 21 3
1281000 18 6
1282000 18 6
1283000 18 6
1284000 18 6
1285000 17 7
1286000 15 9
1287000 14 10
1288000 18 6
1289000 17 7
1290000 18 6
1291000 20 4
1292000 17 7
1293000 19 5
1294000 17 7
1295000 18 6
1296000 16 8
1297000 19 5
1298000 17 7
1299000 19 5
1300000 18 6
1301000 19 5
1302000 16 8
1303000 16 8
1304000 19 5
1305000 16 8
1306000 16 8
1307000 19 5
1308000 19 5
1309000 16 8
1310000 16 8
1311000 16 8
1312000 14 10
1313000 14 10
1314000 14 10
1315000 16 8
1316000 14 10
1317000 14 10
1318000 16 8
1319000 18 6
1320000 20 4
1321000 18 6
1322000 18 6
1323000 20 4
1324000 18 6
1325000 20 4
1326000 19 5
1327000 21 3
1328000 18 6
1329000 21 3
1330000 19 5
1331000 18 6
1332000 19 5
1333000 17 7
1334000 17 7
1335000 14 10
1336000 14 10
1337000 19 5
1338000 16 8
1339000 16 8
1340000 17 7
1341000 17 7
1342000 17 7
1343000 17 7
1344000 17 7
1345000 17 7
1346000 18 6
1347000 18 6
1348000 18 6
1349000 17 7
1350000 19 5
1351000 20 4
1352000 21 3
1353000 16 8
1354000 19 5
1355000 20 4
1356000 16 8
1357000 18 6
1358000 21 3
1359000 18 6
1360000 15 9
1361000 16 8
1362000 20 4
1363000 21 3
1364000 17 7
1365000 19 5
1366000 19 5
1367000 19 5
1368000 16 8
1369000 19 5
1370000 19 5
1371000 20 4
1372000 20 4
1373000 21 3
1374000 20 4
1375000 21 3
1376000 15 9
1377000 16 8
1378000 15 9
1379000 17 7
1380000 18 6
1381000 17 7
1382000 19 5
1383000 19 5
1384000 16 8
1385000 19 5
1386000 16 8
1387000 19 5
1388000 19 5
1389000 19 5
1390000 21 3
1391000 17 7
1392000 20 4
1393000 21 3
1394000 17 7
1395000 21 3
1396000 16 8
1397000 22 2
1398000 21 3
1399000 20 4
1400000 20 4
1401000 23 1
1402000 21 3
1403000 22 2
1404000 20 4
1405000 17 7
1406000 18 6
1407000 16 8
1408000 19 5
1409000 19 5
1410000 19 5
1411000 20 4
1412000 19 5
1413000 23 1
1414000 22 2
1415000 22 2
1416000 18 6
1417000 17 7
1418000 16 8
1419000 16 8
1420000 13 11
1421000 19 5
1422000 17 7
1423000 17 7
1424000 17 7
1425000 17 7
1426000 16 8
1427000 16 8
1428000 17 7
1429000 16 8
1430000 17 7
1431000 14 10
1432000 16 8
1433000 16 8
1434000 17 7
1435000 16 8
1436000 16 8
1437000 16 8
1438000 16 8
1439000 16 8
1440000 16 8
1441000 17 7
1442000 16 8
1443000 15 9
1444000 18 6
1445000 18 6
1446000 14 10
1447000 14 10
1448000 17 7
1449000 17 7
1450000 18 6
1451000 19 5
1452000 19 5
1453000 17 7
1454000 18 6
1455000 14 10
1456000 20 4
1457000 16 8
1458000 18 6
1459000 17 7
1460000 17 7
1461000 18 6
1462000 20 4
1463000 18 6
1464000 18 6
1465000 21 3
1466000 18 6
1467000 22 2
1468000 21 3
1469000 20 4
1470000 20 4
1471000 15 9
1472000 18 6
1473000 15 9
1474000 20 4
1475000 18 6
1476000 18 6
1477000 20 4
1478000 19 5
1479000 20 4
1480000 19 5
1481000 18 6
1482000 18 6
1483000 15 9
1484000 15 9
1485000 17 7
1486000 20 4
1487000 14 10
1488000 15 9
1489000 15 9
1490000 18 6
1491000 17 7
1492000 18 6
1493000 23 1
1494000 18 6
1495000 18 6
1496000 14 10
1497000 15 9
1498000 14 10
1499000 16 8
1500000 16 8
1501000 17 7
1502000 15 9
1503000 14 10
1504000 15 9
1505000 19 5
1506000 18 6
1507000 18 6
1508000 17 7
1509000 16 8
1510000 17 7
1511000 19 5
1512000 19 5
1513000 19 5
1514000 17 7
1515000 17 7
1516000 17 7
1517000 20 4
1518000 22 2
1519000 22 2
1520000 21 3
1521000 19 5
1522000 16 8
1523000 20 4
1524000 21 3
1525000 20 4
1526000 18 6
1527000 18 6
1528000 19 5
1529000 21 3
1530000 19 5
1531000 18 6
1532000 17 7
1533000 15 9
1534000 21 3
1535000 19 5
1536000 21 3
1537000 23 1
1538000 17 7
1539000 23 1
1540000 22 2
1541000 22 2
1542000 18 6
1543000 14 10
1544000 18 6
1545000 18 6
1546000 16 8
1547000 16 8
1548000 18 6
1549000 14 10
1550000 16 8
1551000 16 8
1552000 16 8
1553000 16 8
1554000 16 8
1555000 16 8
1556000 16 8
1557000 19 5
1558000 16 8
1559000 14 10
1560000 21 3
1561000 16 8
1562000 19 5
1563000 14 10
1564000 18 6
1565000 15 9
1566000 14 10
1567000 14 10
1568000 16 8
1569000 17 7
1570000 17 7
1571000 15 9
1572000 15 9
1573000 17 7
1574000 16 8
1575000 17 7
1576000 17 7
1577000 19 5
1578000 17 7
1579000 19 5
1580000 17 7
1581000 18 6
1582000 17 7
1583000 15 9
1584000 19 5
1585000 19 5
1586000 17 7
1587000 18 6
1588000 15 9
1589000 15 9
1590000 15 9
1591000 18 6
1592000 14 10
1593000 15 9
1594000 14 10
1595000 16 8
1596000 16 8
1597000 15 9
1598000 17 7
1599000 19 5
1600000 17 7
1601000 19 5
1602000 17 7
1603000 19 5
1604000 17 7
1605000 17 7
1606000 19 5
1607000 17 7
1608000 16 8
1609000 19 5
1610000 17 7
1611000 17 7
1612000 17 7
1613000 17 7
1614000 17 7
1615000 15 9
1616000 17 7
1617000 17 7
1618000 19 5
1619000 19 5
1620000 19 5
1621000 22 2
1622000 17 7
1623000 17 7
1624000 15 9
1625000 17 7
1626000 17 7
1627000 17 7
1628000 16 8
1629000 17 7
1630000 14 10
1631000 16 8
1632000 16 8
1633000 17 7
1634000 16 8
1635000 18 6
1636000 14 10
1637000 15 9
1638000 16 8
1639000 16 8
1640000 18 6
1641000 14 10
1642000 20 4
1643000 17 7
1644000 17 7
1645000 17 7
1646000 17 7
1647000 18 6
1648000 18 6
1649000 20 4
1650000 18 6
1651000 18 6
1652000 18 6
1653000 18 6
1654000 21 3
1655000 21 3
1656000 20 4
1657000 22 2
1658000 19 5
1659000 17 7
1660000 17 7
1661000 15 9
1662000 18 6
1663000 19 5
1664000 18 6
1665000 19 5
1666000 17 7
1667000 20 4
1668000 17 7
1669000 18 6
1670000 21 3
1671000 19 5
1672000 17 7
1673000 18 6
1674000 20 4
1675000 18 6
1676000 20 4
1677000 20 4
1678000 17 7
1679000 17 7
1680000 16 8
1681000 16 8
1682000 19 5
1683000 21 3
1684000 19 5
1685000 19 5
1686000 20 4
1687000 19 5
1688000 20 4
1689000 20 4
1690000 20 4
1691000 23 1
1692000 16 8
1693000 18 6
1694000 19 5
1695000 18 6
1696000 15 9
1697000 22 2
1698000 17 7
1699000 20 4
1700000 20 4
1701000 18 6
1702000 16 8
1703000 14 10
1704000 14 10
1705000 15 9
1706000 15 9
1707000 15 9
1708000 14 10
1709000 15 9
1710000 17 7
1711000 15 9
1712000 15 9
1713000 14 10
1714000 14 10
1715000 17 7
1716000 14 10
1717000 14 10
1718000 15 9
1719000 14 10
1720000 16 8
1721000 15 9
1722000 18 6
1723000 15 9
1724000 19 5
1725000 15 9
1726000 17 7
1727000 15 9
1728000 16 8
1729000 18 6
1730000 20 4
1731000 20 4
1732000 14 10
1733000 23 1
1734000 23 1
1735000 21 3
1736000 22 2
1737000 20 4
1738000 20 4
1739000 20 4
1740000 20 4
1741000 18 6
1742000 17 7
1743000 19 5
1744000 19 5
1745000 19 5
1746000 18 6
1747000 17 7
1748000 21 3
1749000 20 4
1750000 22 2
1751000 17 7
1752000 21 3
1753000 22 2
1754000 18 6
1755000 14 10
1756000 20 4
1757000 19 5
1758000 18 6
1759000 20 4
1760000 17 7
1761000 22 2
1762000 17 7
1763000 20 4
1764000 17 7
1765000 20 4
1766000 20 4
1767000 20 4
1768000 21 3
1769000 21 3
1770000 18 6
1771000 13 11
1772000 19 5
1773000 18 6
1774000 18 6
1775000 20 4
1776000 19 5
1777000 20 4
1778000 16 8
1779000 18 6
1780000 16 8
1781000 16 8
1782000 13 11
1783000 16 8
1784000 17 7
1785000 17 7
1786000 18 6
1787000 19 5
1788000 21 3
1789000 21 3
1790000 19 5
1791000 14 10
1792000 14 10
1793000 18 6
1794000 16 8
1795000 14 10
1796000 13 11
1797000 13 11
1798000 17 7
1799000 15 9
1800000 15 9
1801000 21 3
1802000 15 9
1803000 15 9
1804000 19 5
1805000 15 9
1806000 19 5
1807000 21 3
1808000 14 10
1809000 18 6
1810000 17 7
1811000 12 12
1812000 16 8
1813000 18 6
1814000 13 11
1816000 13 11
1817000 15 9
1819000 16 8
1820000 16 8
1821000 16 8
1822000 16 8
1823000 16 8
1824000 13 11
1825000 15 9
1826000 15 9
1827000 15 9
1828000 13 11
1829000 15 9
1830000 18 6
1831000 18 6
1832000 15 9
1833000 19 5
1834000 17 7
1835000 13 11
1836000 14 10
1837000 15 9
1838000 15 9
1839000 19 5
1840000 16 8
1841000 17 7
1842000 17 7
1843000 17 7
1844000 18 6
1845000 16 8
1846000 17 7
1847000 19 5
1848000 19 5
1849000 18 6
1850000 19 5
1851000 20 4
1852000 20 4
1853000 19 5
1854000 17 7
1855000 19 5
1856000 21 3
1857000 19 5
1858000 19 5
1859000 20 4
1860000 20 4
1861000 19 5
1862000 20 4
1863000 19 5
1864000 20 4
1865000 21 3
1866000 20 4
1867000 19 5
1868000 20 4
1869000 20 4
1870000 17 7
1871000 15 9
1872000 20 4
1873000 20 4
1874000 19 5
1875000 19 5
1876000 18 6
1877000 18 6
1878000 19 5
1879000 20 4
1880000 20 4
1881000 21 3
1882000 20 4
1883000 20 4
1884000 19 5
1885000 20 4
1886000 19 5
1887000 16 8
1888000 15 9
1889000 14 10
1890000 19 5
1891000 18 6
1892000 18 6
1893000 15 9
1894000 19 5
1895000 18 6
1896000 15 9
1897000 16 8
1898000 15 9
1899000 16 8
1900000 16 8
1901000 16 8
1902000 19 5
1903000 19 5
1904000 19 5
1905000 19 5
1906000 14 10
1907000 16 8
1908000 14 10
1909000 12 12
1910000 13 11
1911000 13 11
1912000 18 6
1913000 13 11
1914000 13 11
1915000 16 8
1916000 13 11
1917000 19 5
1918000 16 8
1919000 16 8
1920000 18 6
1921000 19 5
1922000 19 5
1923000 17 7
1924000 20 4
1925000 20 4
1926000 19 5
1927000 20 4
1928000 19 5
1929000 20 4
1930000 20 4
1931000 19 5
1932000 19 5
1933000 18 6
1934000 19 5
1935000 18 6
1936000 18 6
1937000 17 7
1938000 19 5
1939000 18 6
1940000 16 8
1941000 20 4
1942000 20 4
1943000 21 3
1944000 23 1
1945000 21 3
1946000 18 6
1947000 21 3
1948000 21 3
1949000 20 4
1950000 22 2
1951000 20 4
1952000 19 5
1953000 20 4
1954000 21 3
1955000 20 4
1956000 21 3
1957000 20 4
1958000 19 5
1959000 20 4
1960000 21 3
1961000 22 2
1962000 22 2
1963000 24 0
1964000 21 3
1965000 20 4
1966000 21 3
1967000 21 3
1968000 21 3
1969000 19 5
1970000 19 5
1971000 21 3
1972000 18 6
1973000 20 4
1974000 18 6
1975000 18 6
1976000 19 5
1977000 21 3
1978000 18 6
1979000 18 6
1980000 19 5
1981000 18 6
1982000 19 5
1983000 20 4
1984000 19 5
1985000 18 6
1986000 15 9
1987000 20 4
1988000 20 4
1989000 18 6
1990000 18 6
1991000 18 6
1992000 18 6
1993000 15 9
1994000 16 8
1995000 16 8
1996000 16 8
1997000 16 8
1998000 18 6
1999000 18 6
2000000 16 8
2001000 14 10
2002000 17 7
2003000 16 8
2004000 13 11
2005000 13 11
2006000 16 8
2007000 17 7
2008000 14 10
2009000 14 10
2010000 18 6
2011000 16 8
2012000 14 10
2013000 14 10
2014000 13 11
2015000 15 9
2016000 13 11
2017000 15 9
2018000 17 7
2019000 16 8
2020000 14 10
2021000 14 10
2022000 14 10
2023000 17 7
2024000 15 9
2025000 21 3
2026000 16 8
2027000 18 6
2028000 16 8
2029000 15 9
2030000 18 6
2031000 22 2
2032000 15 9
2033000 15 9
2034000 15 9
2035000 13 11
2036000 16 8
2037000 15 9
2038000 13 11
2039000 13 11
2040000 15 9
2041000 16 8
2042000 15 9
2043000 16 8
2044000 16 8
2045000 16 8
2046000 16 8
2047000 16 8
2048000 15 9
2049000 16 8
2050000 16 8
2051000 15 9
2052000 17 7
2053000 17 7
2054000 16 8
2055000 14 10
2056000 15 9
2057000 15 9
2058000 15 9
2059000 16 8
2060000 16 8
2061000 18 6
2062000 12 12
2064000 15 9
2065000 17 7
2066000 16 8
2067000 17 7
2068000 15 9
2069000 16 8
2070000 15 9
2071000 16 8
2072000 16 8
2073000 14 10
2074000 16 8
2075000 19 5
2076000 14 10
2077000 17 7
2078000 15 9
2079000 15 9
2080000 18 6
2081000 18 6
2082000 13 11
2083000 14 10
2084000 14 10
2085000 14 10
2086000 16 8
2087000 14 10
2088000 14 10
2089000 19 5
2090000 14 10
2091000 16 8
2092000 17 7
2093000 17 7
2094000 16 8
2095000 16 8
2096000 16 8
2097000 17 7
2098000 15 9
2100000 19 5
2101000 19 5
2102000 20 4
2103000 15 9
2104000 14 10
2106000 15 9
2107000 20 4
2108000 20 4
2109000 21 3
2110000 19 5
2111000 20 4
2112000 14 10
2113000 19 5
2114000 19 5
2115000 16 8
2116000 16 8
2117000 16 8
2119000 17 7
2120000 16 8
2121000 15 9
2122000 17 7
2123000 16 8
2124000 21 3
2125000 17 7
2126000 18 6
2127000 15 9
2128000 19 5
2129000 18 6
2130000 16 8
2131000 15 9
2132000 15 9
2133000 15 9
2134000 15 9
2135000 15 9
2136000 20 4
2137000 15 9
2138000 19 5
2139000 16 8
2140000 15 9
2141000 16 8
2142000 15 9
2143000 14 10
2144000 16 8
2145000 16 8
2146000 19 5
2147000 18 6
2148000 20 4
2149000 21 3
2150000 20 4
2151000 19 5
2152000 19 5
2153000 20 4
2154000 19 5
2155000 20 4
2156000 20 4
2157000 20 4
2158000 19 5
2159000 19 5
2160000 21 3
2161000 20 4
2162000 20 4
2163000 15 9
2164000 16 8
2165000 16 8
2166000 16 8
2167000 20 4
2168000 15 9
2169000 15 9
2170000 15 9
2171000 20 4
2172000 15 9
2173000 15 9
2174000 15 9
2175000 20 4
2176000 16 8
2177000 17 7
2178000 17 7
2179000 17 7
2180000 21 3
2181000 17 7
2182000 17 7
2183000 21 3
2184000 21 3
2185000 15 9
2186000 21 3
2187000 20 4
2188000 21 3
2189000 22 2
2190000 21 3
2191000 23 1
2192000 22 2
2193000 22 2
2194000 22 2
2195000 22 2
2196000 22 2
2197000 23 1
2198000 22 2
2199000 20 4
2200000 20 4
2201000 15 9
2202000 22 2
2203000 21 3
2204000 22 2
2205000 22 2
2206000 22 2
2207000 20 4
2208000 18 6
2209000 23 1
2210000 18 6
2211000 22 2
2212000 18 6
2213000 23 1
2214000 16 8
2215000 15 9
2216000 18 6
2217000 21 3
2218000 20 4
2219000 20 4
2220000 22 2
2221000 22 2
2222000 22 2
2223000 22 2
2224000 20 4
2225000 23 1
2226000 22 2
2227000 20 4
2228000 20 4
2229000 22 2
2230000 19 5
2231000 21 3
2232000 22 2
2233000 22 2
2234000 22 2
2235000 22 2
2236000 21 3
2237000 23 1
2238000 21 3
2239000 20 4
2240000 20 4
2241000 17 7
2242000 17 7
2243000 20 4
2244000 20 4
2245000 21 3
2246000 16 8
2247000 17 7
2248000 17 7
2249000 16 8
2250000 16 8
2251000 15 9
2252000 21 3
2253000 21 3
2254000 18 6
2255000 17 7
2256000 17 7
2257000 21 3
2258000 16 8
2259000 21 3
2260000 16 8
2261000 16 8
2262000 17 7
2263000 21 3
2264000 16 8
2265000 16 8
2266000 16 8
2267000 16 8
2268000 16 8
2269000 19 5
2270000 16 8
2271000 16 8
2272000 16 8
2273000 16 8
2274000 21 3
2275000 21 3
2276000 16 8
2277000 16 8
2278000 16 8
2279000 15 9
2280000 15 9
2281000 16 8
2282000 16 8
2283000 16 8
2284000 15 9
2285000 15 9
2286000 21 3
2287000 21 3
2288000 16 8
2289000 16 8
2290000 15 9
2291000 16 8
2292000 16 8
2293000 16 8
2294000 16 8
2295000 15 9
2296000 15 9
2297000 16 8
2298000 15 9
2299000 15 9
2300000 16 8
2301000 16 8
2302000 15 9
2303000 15 9
2304000 15 9
2305000 15 9
2306000 15 9
2307000 20 4
2308000 20 4
2309000 15 9
2310000 15 9
2311000 15 9
2312000 15 9
2313000 15 9
2314000 15 9
2315000 15 9
2316000 16 8
2317000 20 4
2318000 20 4
2319000 16 8
2320000 19 5
2321000 20 4
2322000 20 4
2323000 20 4
2324000 20 4
2325000 20 4
2326000 14 10
2327000 14 10
2328000 19 5
2329000 19 5
2330000 14 10
2331000 15 9
2332000 15 9
2333000 15 9
2334000 19 5
2335000 15 9
2336000 19 5
2337000 17 7
2338000 16 8
2339000 20 4
2340000 18 6
2341000 18 6
2342000 18 6
2343000 18 6
2344000 14 10
2345000 17 7
2346000 20 4
2347000 16 8
2348000 20 4
2349000 16 8
2350000 20 4
2351000 13 11
2352000 18 6
2353000 14 10
2354000 18 6
2355000 14 10
2356000 16 8
2357000 14 10
2358000 14 10
2359000 14 10
2360000 20 4
2361000 21 3
2362000 21 3
2363000 19 5
2364000 19 5
2365000 18 6
2366000 15 9
2367000 15 9
2368000 14 10
2369000 14 10
2370000 14 10
2371000 18 6
2372000 19 5
2373000 15 9
2374000 15 9
2375000 16 8
2376000 16 8
2377000 16 8
2378000 16 8
2379000 14 10
2380000 15 9
2381000 19 5
2382000 15 9
2383000 14 10
2384000 17 7
2385000 19 5
2386000 19 5
2387000 19 5
2388000 19 5
2389000 19 5
2390000 17 7
2391000 18 6
2392000 17 7
2393000 17 7
2394000 19 5
2395000 18 6
2396000 18 6
2397000 18 6
2398000 18 6
2399000 19 5
2400000 18 6
2401000 18 6
2402000 18 6
2403000 13 11
2404000 18 6
2405000 17 7
2406000 18 6
2407000 18 6
2408000 18 6
2409000 19 5
2410000 19 5
2411000 20 4
2412000 20 4
2413000 18 6
2414000 17 7
2415000 17 7
2416000 17 7
2417000 18 6
2418000 18 6
2419000 17 7
2420000 19 5
2421000 19 5
2422000 18 6
2423000 20 4
2424000 18 6
2425000 18 6
2426000 17 7
2427000 19 5
2428000 19 5
2429000 18 6
2430000 18 6
2431000 19 5
2432000 18 6
2433000 18 6
2434000 19 5
2435000 14 10
2436000 20 4
2437000 18 6
2438000 15 9
2439000 20 4
2440000 19 5
2441000 20 4
2442000 20 4
2443000 19 5
2444000 13 11
2445000 14 10
2446000 17 7
2447000 16 8
2448000 14 10
2449000 14 10
2450000 14 10
2451000 15 9
2452000 13 11
2453000 13 11
2454000 13 11
2455000 13 11
2456000 17 7
2457000 18 6
2458000 13 11
2459000 20 4
2460000 13 11
2461000 13 11
2462000 20 4
2463000 19 5
2464000 21 3
2465000 21 3
2466000 21 3
2467000 21 3
2468000 18 6
2469000 20 4
2470000 20 4
2471000 19 5
2472000 21 3
2473000 19 5
2474000 17 7
2475000 20 4
2476000 18 6
2477000 13 11
2478000 14 10
2479000 13 11
2480000 18 6
2481000 15 9
2482000 17 7
2483000 17 7
2484000 20 4
2485000 18 6
2486000 18 6
2487000 17 7
2488000 15 9
2489000 13 11
2490000 16 8
2491000 19 5
2492000 14 10
2493000 14 10
2494000 15 9
2495000 16 8
2496000 15 9
2497000 17 7
2498000 18 6
2499000 16 8
2500000 14 10
2501000 20 4
2502000 15 9
2503000 14 10
2504000 16 8
2505000 17 7
2506000 17 7
2507000 18 6
2508000 17 7
2509000 21 3
2510000 21 3
2511000 18 6
2512000 14 10
2513000 16 8
2514000 16 8
2515000 18 6
2516000 16 8
2517000 21 3
2518000 17 7
2519000 17 7
2520000 15 9
2521000 18 6
2522000 15 9
2523000 18 6
2524000 21 3
2525000 16 8
2526000 14 10
2527000 18 6
2528000 20 4
2529000 15 9
2530000 18 6
2531000 15 9
2532000 13 11
2533000 15 9
2534000 17 7
2535000 14 10
2536000 21 3
2537000 18 6
2538000 20 4
2539000 20 4
2540000 20 4
2541000 21 3
2542000 18 6
2543000 21 3
2544000 20 4
2545000 20 4
2546000 21 3
2547000 18 6
2548000 20 4
2549000 18 6
2550000 21 3
2551000 15 9
2552000 18 6
2553000 17 7
2554000 20 4
2555000 19 5
2556000 18 6
2557000 20 4
2558000 19 5
2559000 19 5
2560000 20 4
2561000 20 4
2562000 20 4
2563000 20 4
2564000 18 6
2565000 20 4
2566000 18 6
2567000 20 4
2568000 18 6
2569000 18 6
2570000 19 5
2571000 19 5
2572000 19 5
2573000 19 5
2574000 19 5
2575000 19 5
2576000 20 4
2577000 15 9
2578000 20 4
2579000 19 5
2580000 16 8
2581000 18 6
2582000 18 6
2583000 17 7
2584000 19 5
2585000 20 4
2586000 20 4
2587000 20 4
2588000 21 3
2589000 20 4
2590000 20 4
2591000 20 4
2592000 16 8
2593000 20 4
2594000 20 4
2595000 19 5
2596000 20 4
2597000 18 6
2598000 20 4
2599000 19 5
2600000 19 5
2601000 19 5
2602000 19 5
2603000 20 4
2604000 19 5
2605000 18 6
2606000 18 6
2607000 18 6
2608000 18 6
2609000 19 5
2610000 18 6
2611000 19 5
2612000 18 6
2613000 18 6
2614000 18 6
2615000 18 6
2616000 15 9
2617000 15 9
2618000 19 5
2619000 18 6
2620000 18 6
2621000 19 5
2622000 19 5
2623000 18 6
2624000 18 6
2625000 18 6
2626000 20 4
2627000 16 8
2628000 18 6
2629000 19 5
2630000 20 4
2631000 17 7
2632000 18 6
2633000 17 7
2634000 18 6
2635000 18 6
2636000 20 4
2637000 20 4
2638000 20 4
2639000 19 5
2640000 19 5
2641000 18 6
2642000 22 2
2643000 19 5
2644000 21 3
2645000 14 10
2646000 16 8
2647000 16 8
2648000 17 7
2649000 17 7
2650000 15 9
2651000 21 3
2652000 21 3
2653000 21 3
2654000 21 3
2655000 21 3
2656000 19 5
2657000 19 5
2658000 19 5
2659000 17 7
2660000 17 7
2661000 17 7
2662000 21 3
2663000 19 5
2664000 22 2
2665000 21 3
2666000 20 4
2667000 23 1
2668000 21 3
2669000 20 4
2670000 19 5
2671000 19 5
2672000 20 4
2673000 23 1
2674000 22 2
2675000 17 7
2676000 17 7
2677000 21 3
2678000 18 6
2679000 17 7
2680000 17 7
2681000 18 6
2682000 17 7
2683000 18 6
2684000 20 4
2685000 19 5
2686000 20 4
2687000 19 5
2688000 21 3
2689000 20 4
2690000 20 4
2691000 20 4
2692000 20 4
2693000 21 3
2694000 18 6
2695000 18 6
2696000 17 7
2697000 17 7
2698000 19 5
2699000 20 4
2700000 21 3
2701000 20 4
2702000 17 7
2703000 17 7
2704000 18 6
2705000 18 6
2706000 16 8
2707000 16 8
2708000 16 8
2709000 17 7
2710000 17 7
2711000 16 8
2712000 17 7
2713000 19 5
2714000 20 4
2715000 18 6
2716000 20 4
2717000 18 6
2718000 14 10
2719000 20 4
2720000 15 9
2721000 17 7
2722000 17 7
2723000 14 10
2724000 15 9
2725000 17 7
2726000 16 8
2727000 18 6
2728000 13 11
2729000 14 10
2730000 13 11
2731000 15 9
2732000 19 5
2733000 18 6
2734000 16 8
2735000 16 8
2736000 16 8
2737000 16 8
2738000 16 8
2739000 16 8
2740000 16 8
2741000 17 7
2742000 16 8
2743000 20 4
2744000 22 2
2745000 19 5
2746000 17 7
2747000 20 4
2748000 17 7
2749000 21 3
2750000 22 2
2751000 19 5
2752000 19 5
2753000 15 9
2754000 20 4
2755000 21 3
2756000 22 2
2757000 20 4
2758000 18 6
2759000 16 8
2760000 20 4
2761000 19 5
2762000 20 4
2763000 19 5
2764000 19 5
2765000 15 9
2766000 17 7
2767000 16 8
2768000 16 8
2769000 20 4
2770000 20 4
2771000 19 5
2772000 20 4
2773000 18 6
2774000 18 6
2775000 18 6
2776000 19 5
2777000 19 5
2778000 19 5
2779000 18 6
2780000 18 6
2781000 20 4
2782000 19 5
2783000 18 6
2784000 19 5
2785000 19 5
2786000 19 5
2787000 19 5
2788000 21 3
2789000 19 5
2790000 19 5
2791000 21 3
2792000 22 2
2793000 21 3
2794000 20 4
2795000 20 4
2796000 20 4
2797000 21 3
2798000 21 3
2799000 21 3
2800000 20 4
2801000 21 3
2802000 21 3
2803000 20 4
2804000 21 3
2805000 20 4
2806000 19 5
2807000 19 5
2808000 19 5
2809000 19 5
2810000 19 5
2811000 19 5
2812000 20 4
2813000 18 6
2814000 20 4
2815000 20 4
2816000 20 4
2817000 19 5
2818000 19 5
2819000 19 5
2820000 21 3
2821000 20 4
2822000 19 5
2823000 21 3
2824000 21 3
2825000 20 4
2826000 21 3
2827000 20 4
2828000 20 4
2829000 20 4
2830000 20 4
2831000 20 4
2832000 21 3
2833000 20 4
2834000 20 4
2835000 20 4
2836000 21 3
2837000 20 4
2838000 22 2
2839000 21 3
2840000 21 3
2841000 22 2
2842000 20 4
2843000 21 3
2844000 20 4
2845000 20 4
2846000 20 4
2847000 20 4
2848000 20 4
2849000 20 4
2850000 22 2
2851000 20 4
2852000 19 5
2853000 20 4
2854000 21 3
2855000 21 3
2856000 22 2
2857000 22 2
2858000 22 2
2859000 21 3
2860000 22 2
2861000 22 2
2862000 22 2
2863000 22 2
2864000 22 2
2865000 21 3
2866000 21 3
2867000 21 3
2868000 21 3
2869000 21 3
2870000 21 3
2871000 22 2
2872000 23 1
2873000 22 2
2874000 22 2
2875000 21 3
2876000 20 4
2877000 20 4
2878000 20 4
2879000 20 4
2880000 22 2
2881000 21 3
2882000 21 3
2883000 21 3
2884000 21 3
2885000 21 3
2886000 21 3
2887000 21 3
2888000 21 3
2889000 21 3
2890000 21 3
2891000 22 2
2892000 20 4
2893000 20 4
2894000 21 3
2895000 21 3
2896000 21 3
2897000 22 2
2898000 22 2
2899000 23 1
2900000 22 2
2901000 21 3
2902000 20 4
2903000 21 3
2904000 21 3
2905000 20 4
2906000 20 4
2907000 20 4
2908000 21 3
2909000 19 5
2910000 20 4
2911000 20 4
2912000 20 4
2913000 20 4
2914000 21 3
2915000 20 4
2916000 20 4
2917000 20 4
2918000 19 5
2919000 19 5
2920000 19 5
2921000 19 5
2922000 19 5
2923000 20 4
2924000 20 4
2925000 20 4
2926000 21 3
2927000 20 4
2928000 21 3
2929000 21 3
2930000 20 4
2931000 21 3
2932000 21 3
2933000 21 3
2934000 21 3
2935000 21 3
2936000 21 3
2937000 22 2
2938000 22 2
2939000 23 1
2940000 23 1
2941000 22 2
2942000 21 3
2943000 22 2
2944000 23 1
2945000 21 3
2946000 21 3
2947000 22 2
2948000 22 2
2949000 21 3
2950000 21 3
2951000 20 4
2952000 19 5
2953000 20 4
2954000 19 5
2955000 21 3
2956000 18 6
2957000 22 2
2958000 21 3
2959000 22 2
2960000 22 2
2961000 21 3
2962000 22 2
2963000 20 4
2964000 22 2
2965000 21 3
2966000 21 3
2967000 20 4
2968000 21 3
2969000 20 4
2970000 22 2
2971000 21 3
2972000 21 3
2973000 22 2
2974000 21 3
2975000 21 3
2976000 21 3
2977000 21 3
2978000 21 3
2979000 21 3
2980000 22 2
2981000 21 3
2982000 22 2
2983000 20 4
2984000 21 3
2985000 20 4
2986000 22 2
2987000 20 4
2988000 22 2
2989000 21 3
2990000 22 2
2991000 22 2
2992000 21 3
2993000 21 3
2994000 21 3
2995000 20 4
2996000 20 4
2997000 19 5
2998000 19 5
2999000 20 4
3000000 21 3
3001000 18 6
3002000 18 6
3003000 19 5
3004000 20 4
3005000 20 4
3006000 21 3
3007000 22 2
3008000 24 0
3009000 20 4
3010000 21 3
3011000 21 3
3012000 20 4
3013000 20 4
3014000 19 5
3015000 21 3
3016000 21 3
3017000 20 4
3018000 21 3
3019000 21 3
3020000 22 2
3021000 20 4
3022000 20 4
3023000 22 2
3024000 22 2
3025000 21 3
3026000 20 4
3027000 20 4
3028000 19 5
3029000 19 5
3030000 19 5
3031000 19 5
3032000 19 5
3033000 19 5
3034000 19 5
3035000 19 5
3036000 19 5
3037000 21 3
3038000 18 6
3039000 19 5
3040000 18 6
3041000 19 5
3042000 19 5
3043000 21 3
3044000 19 5
3045000 20 4
3046000 18 6
3047000 18 6
3048000 18 6
3049000 19 5
3050000 19 5
3051000 19 5
3052000 19 5
3053000 20 4
3054000 20 4
3055000 20 4
3056000 19 5
3057000 19 5
3058000 20 4
3059000 21 3
3060000 19 5
3061000 19 5
3062000 19 5
3063000 19 5
3064000 21 3
3065000 21 3
3066000 20 4
3067000 21 3
3068000 18 6
3069000 20 4
3070000 21 3
3071000 18 6
3072000 20 4
3073000 20 4
3074000 20 4
3075000 20 4
3076000 19 5
3077000 20 4
3078000 18 6
3079000 19 5
3080000 19 5
3081000 18 6
3082000 18 6
3083000 18 6
3084000 18 6
3085000 18 6
3086000 17 7
3087000 18 6
3088000 19 5
3089000 19 5
3090000 19 5
3091000 19 5
3092000 18 6
3093000 20 4
3094000 18 6
3095000 20 4
3096000 20 4
3097000 20 4
3098000 20 4
3099000 21 3
3100000 20 4
3101000 19 5
3102000 18 6
3103000 19 5
3104000 19 5
3105000 20 4
3106000 19 5
3107000 19 5
3108000 19 5
3109000 19 5
3110000 19 5
3111000 18 6
3112000 19 5
3113000 19 5
3114000 19 5
3115000 19 5
3116000 20 4
3117000 19 5
3118000 21 3
3119000 21 3
3120000 21 3
3121000 22 2
3122000 21 3
3123000 20 4
3124000 21 3
3125000 21 3
3126000 22 2
3127000 20 4
3128000 20 4
3129000 19 5
3130000 18 6
3131000 20 4
3132000 20 4
3133000 20 4
3134000 20 4
3135000 20 4
3136000 20 4
3137000 20 4
3138000 19 5
3139000 21 3
3140000 20 4
3141000 20 4
3142000 21 3
3143000 19 5
3144000 21 3
3145000 22 2
3146000 22 2
3147000 21 3
3148000 20 4
3149000 19 5
3150000 19 5
3151000 20 4
3152000 20 4
3153000 19 5
3154000 20 4
3155000 21 3
3156000 20 4
3157000 21 3
3158000 22 2
3159000 19 5
3160000 21 3
3161000 21 3
3162000 21 3
3163000 19 5
3164000 19 5
3165000 19 5
3166000 19 5
3167000 19 5
3168000 19 5
3169000 19 5
3170000 19 5
3171000 21 3
3172000 20 4
3173000 19 5
3174000 19 5
3175000 19 5
3176000 19 5
3177000 19 5
3178000 19 5
3179000 19 5
3180000 19 5
3181000 18 6
3182000 19 5
3183000 19 5
3184000 19 5
3185000 19 5
3186000 19 5
3187000 19 5
3188000 19 5
3189000 19 5
3190000 19 5
3191000 19 5
3192000 19 5
3193000 19 5
3194000 19 5
3195000 19 5
3196000 19 5
3197000 19 5
3198000 19 5
3199000 19 5
3200000 19 5
3201000 22 2
3202000 19 5
3203000 19 5
3204000 19 5
3205000 19 5
3206000 19 5
3207000 19 5
3208000 17 7
3209000 19 5
3210000 17 7
3211000 21 3
3212000 19 5
3213000 20 4
3214000 19 5
3215000 21 3
3216000 21 3
3217000 19 5
3218000 19 5
3219000 21 3
3220000 21 3
3221000 20 4
3222000 21 3
3223000 19 5
3224000 20 4
3225000 22 2
3226000 21 3
3227000 21 3
3228000 20 4
3229000 21 3
3230000 21 3
3231000 21 3
3232000 18 6
3233000 19 5
3234000 19 5
3235000 20 4
3236000 21 3
3237000 20 4
3238000 20 4
3239000 19 5
3240000 19 5
3241000 19 5
3242000 19 5
3243000 17 7
3244000 19 5
3245000 19 5
3246000 19 5
3247000 20 4
3248000 19 5
3249000 20 4
3250000 20 4
3251000 20 4
3252000 17 7
3253000 19 5
3254000 20 4
3255000 17 7
3256000 17 7
3257000 18 6
3258000 20 4
3259000 21 3
3260000 19 5
3261000 18 6
3262000 17 7
3263000 18 6
3264000 21 3
3265000 19 5
3266000 21 3
3267000 20 4
3268000 20 4
3269000 23 1
3270000 22 2
3271000 21 3
3272000 22 2
3273000 21 3
3274000 21 3
3275000 20 4
3276000 21 3
3277000 22 2
3278000 21 3
3279000 22 2
3280000 22 2
3281000 22 2
3282000 21 3
3283000 21 3
3284000 21 3
3285000 21 3
3286000 21 3
3287000 23 1
3288000 20 4
3289000 20 4
3290000 20 4
3291000 23 1
3292000 21 3
3293000 21 3
3294000 21 3
3295000 21 3
3296000 19 5
3297000 21 3
3298000 21 3
3299000 21 3
3300000 23 1
3301000 20 4
3302000 22 2
3303000 20 4
3304000 20 4
3305000 20 4
3306000 23 1
3307000 18 6
3308000 19 5
3309000 19 5
3310000 23 1
3311000 20 4
3312000 23 1
3313000 22 2
3314000 21 3
3315000 23 1
3316000 18 6
3317000 22 2
3318000 21 3
3319000 21 3
3320000 22 2
3321000 18 6
3322000 22 2
3323000 19 5
3324000 20 4
3325000 21 3
3326000 19 5
3327000 20 4
3328000 18 6
3329000 19 5
3330000 18 6
3331000 21 3
3332000 22 2
3333000 22 2
3334000 22 2
3335000 21 3
3336000 21 3
3337000 22 2
3338000 20 4
3339000 20 4
3340000 21 3
3341000 21 3
3342000 19 5
3343000 21 3
3344000 22 2
3345000 20 4
3346000 22 2
3347000 22 2
3348000 22 2
3349000 21 3
3350000 20 4
3351000 19 5
3352000 20 4
3353000 20 4
3354000 20 4
3355000 21 3
3356000 20 4
3357000 20 4
3358000 22 2
3359000 21 3
3360000 21 3
3361000 21 3
3362000 19 5
3363000 19 5
3364000 19 5
3365000 19 5
3366000 19 5
3367000 19 5
3368000 19 5
3369000 19 5
3370000 19 5
3371000 17 7
3372000 17 7
3373000 17 7
3374000 18 6
3375000 18 6
3376000 18 6
3377000 17 7
3378000 17 7
3379000 17 7
3380000 21 3
3381000 22 2
3382000 22 2
3383000 20 4
3384000 19 5
3385000 22 2
3386000 20 4
3387000 17 7
3388000 19 5
3389000 17 7
3390000 19 5
3391000 17 7
3392000 16 8
3393000 16 8
3394000 17 7
3395000 18 6
3396000 17 7
3397000 17 7
3398000 16 8
3399000 17 7
3400000 16 8
3401000 17 7
3402000 16 8
3403000 18 6
3404000 18 6
3405000 19 5
3406000 18 6
3407000 20 4
3408000 18 6
3409000 18 6
3410000 18 6
3411000 18 6
3412000 18 6
3413000 19 5
3414000 19 5
3415000 19 5
3416000 18 6
3417000 16 8
3418000 16 8
3419000 19 5
3420000 18 6
3421000 17 7
3422000 19 5
3423000 20 4
3424000 16 8
3425000 16 8
3426000 18 6
3427000 16 8
3428000 16 8
3429000 16 8
3430000 19 5
3431000 18 6
3432000 18 6
3433000 16 8
3434000 18 6
3435000 18 6
3436000 18 6
3437000 18 6
3438000 20 4
3439000 16 8
3440000 18 6
3441000 18 6
3442000 19 5
3443000 17 7
3444000 16 8
3445000 16 8
3446000 18 6
3447000 18 6
3448000 18 6
3449000 18 6
3450000 18 6
3451000 18 6
3452000 18 6
3453000 16 8
3454000 20 4
3455000 18 6
3456000 18 6
3457000 18 6
3458000 18 6
3459000 19 5
3460000 19 5
3461000 17 7
3462000 18 6
3463000 19 5
3464000 19 5
3465000 19 5
3466000 18 6
3467000 18 6
3468000 19 5
3469000 19 5
3470000 19 5
3471000 21 3
3472000 19 5
3473000 19 5
3474000 17 7
3475000 17 7
3476000 17 7
3477000 19 5
3478000 19 5
3479000 21 3
3480000 21 3
3481000 19 5
3482000 21 3
3483000 19 5
3484000 19 5
3485000 21 3
3486000 19 5
3487000 23 1
3488000 20 4
3489000 23 1
3490000 23 1
3491000 21 3
3492000 19 5
3493000 20 4
3494000 18 6
3495000 22 2
3496000 18 6
3497000 19 5
3498000 19 5
3499000 20 4
3500000 23 1
3501000 20 4
3502000 18 6
3503000 18 6
3504000 18 6
3505000 18 6
3506000 20 4
3507000 20 4
3508000 18 6
3509000 18 6
3510000 20 4
3511000 20 4
3512000 21 3
3513000 19 5
3514000 20 4
3515000 19 5
3516000 20 4
3517000 20 4
3518000 19 5
3519000 19 5
3520000 24 0
3521000 18 6
3522000 20 4
3523000 21 3
3524000 19 5
3525000 19 5
3526000 20 4
3527000 23 1
3528000 20 4
3529000 20 4
3530000 20 4
3531000 19 5
3532000 20 4
3533000 23 1
3534000 24 0
3535000 20 4
3536000 20 4
3537000 19 5
3538000 23 1
3539000 23 1
3540000 20 4
3541000 23 1
3542000 23 1
3543000 23 1
3544000 20 4
3545000 20 4
3546000 23 1
3547000 19 5
3548000 20 4
3549000 20 4
3550000 16 8
3551000 20 4
3552000 20 4
3553000 20 4
3554000 23 1
3555000 23 1
3556000 22 2
3557000 22 2
3558000 22 2
3559000 23 1
3560000 20 4
3561000 20 4
3562000 23 1
3563000 20 4
3564000 23 1
3565000 23 1
3566000 24 0
3567000 24 0
3568000 23 1
3569000 22 2
3570000 23 1
3571000 18 6
3572000 23 1
3573000 19 5
3574000 21 3
3575000 19 5
3576000 18 6
3577000 16 8
3578000 18 6
3579000 17 7
3580000 18 6
3581000 17 7
3582000 18 6
3583000 19 5
3584000 18 6
3585000 18 6
3586000 16 8
3587000 15 9
3588000 21 3
3589000 19 5
3590000 22 2
3591000 22 2
3592000 17 7
3593000 19 5
3594000 19 5
3595000 16 8
3596000 16 8
3597000 16 8
3598000 16 8
3599000 17 7
3600000 20 4
3601000 17 7
3602000 20 4
3603000 15 9
3604000 16 8
3605000 14 10
3606000 16 8
3607000 14 10
3608000 14 10
3609000 14 10
3610000 17 7
3611000 15 9
3612000 17 7
3613000 19 5
3614000 17 7
3615000 14 10
3616000 18 6
3617000 18 6
3618000 14 10
3619000 17 7
3620000 16 8
3621000 15 9
3622000 14 10
3623000 14 10
3624000 18 6
3625000 18 6
3626000 18 6
3627000 16 8
3628000 18 6
3629000 18 6
3630000 16 8
3631000 15 9
3632000 19 5
3633000 15 9
3634000 15 9
3635000 14 10
3636000 15 9
3637000 19 5
3638000 19 5
3639000 19 5
3640000 22 2
3641000 22 2
3642000 18 6
3643000 18 6
3644000 17 7
3645000 19 5
3646000 21 3
3647000 20 4
3648000 17 7
3649000 17 7
3650000 18 6
3651000 17 7
3652000 20 4
3653000 17 7
3654000 15 9
3655000 16 8
3656000 17 7
3657000 16 8
3658000 16 8
3659000 16 8
3660000 16 8
3661000 16 8
3662000 15 9
3663000 15 9
3664000 16 8
3665000 16 8
3666000 14 10
3667000 17 7
3668000 15 9
3669000 14 10
3670000 18 6
3671000 18 6
3672000 15 9
3673000 17 7
3674000 17 7
3675000 19 5
3676000 15 9
3677000 16 8
3678000 14 10
3679000 17 7
3680000 17 7
3681000 15 9
3682000 17 7
3683000 17 7
3684000 19 5
3685000 19 5
3686000 21 3
3687000 20 4
3688000 19 5
3689000 18 6
3690000 19 5
3691000 17 7
3692000 17 7
3693000 17 7
3694000 18 6
3695000 17 7
3696000 18 6
3697000 17 7
3698000 17 7
3699000 17 7
3700000 18 6
3701000 19 5
3702000 17 7
3703000 15 9
3704000 18 6
3705000 18 6
3706000 19 5
3707000 19 5
3708000 17 7
3709000 19 5
3710000 19 5
3711000 18 6
3712000 17 7
3713000 18 6
3714000 17 7
3715000 17 7
3716000 16 8
3717000 16 8
3718000 17 7
3719000 18 6
3720000 15 9
3721000 15 9
3722000 16 8
3723000 18 6
3724000 18 6
3725000 15 9
3726000 17 7
3727000 17 7
3728000 16 8
3729000 16 8
3730000 17 7
3731000 17 7
3732000 15 9
3733000 15 9
3734000 16 8
3735000 15 9
3736000 16 8
3737000 18 6
3738000 18 6
3739000 17 7
3740000 19 5
3741000 18 6
3742000 18 6
3743000 15 9
3744000 15 9
3745000 16 8
3746000 16 8
3747000 15 9
3748000 17 7
3749000 16 8
3750000 17 7
3751000 19 5
3752000 14 10
3753000 17 7
3754000 17 7
3755000 19 5
3756000 17 7
3757000 17 7
3758000 17 7
3759000 19 5
3760000 14 10
3761000 17 7
3762000 19 5
3763000 17 7
3764000 19 5
3765000 19 5
3766000 20 4
3767000 19 5
3768000 20 4
3769000 20 4
3770000 20 4
3771000 20 4
3772000 16 8
3773000 18 6
3774000 18 6
3775000 18 6
3776000 17 7
3777000 19 5
3778000 16 8
3779000 17 7
3780000 16 8
3781000 17 7
3782000 17 7
3783000 18 6
3784000 19 5
3785000 17 7
3786000 19 5
3787000 16 8
3788000 16 8
3789000 18 6
3790000 19 5
3791000 15 9
3792000 21 3
3793000 18 6
3794000 19 5
3795000 21 3
3796000 19 5
3797000 19 5
3798000 19 5
3799000 20 4
3800000 19 5
3801000 18 6
3802000 19 5
3803000 17 7
3804000 17 7
3805000 17 7
3806000 18 6
3807000 22 2
3808000 18 6
3809000 20 4
3810000 20 4
3811000 20 4
3812000 20 4
3813000 22 2
3814000 20 4
3815000 21 3
3816000 20 4
3817000 20 4
3818000 20 4
3819000 19 5
3820000 14 10
3821000 16 8
3822000 16 8
3823000 17 7
3824000 16 8
3825000 16 8
3826000 17 7
3827000 15 9
3828000 15 9
3829000 16 8
3830000 17 7
3831000 20 4
3832000 19 5
3833000 19 5
3834000 18 6
3835000 16 8
3836000 19 5
3837000 18 6
3838000 20 4
3839000 18 6
3840000 16 8
3841000 17 7
3842000 18 6
3843000 19 5
3844000 22 2
3845000 20 4
3846000 16 8
3847000 20 4
3848000 14 10
3849000 16 8
3850000 15 9
3851000 16 8
3852000 16 8
3853000 18 6
3854000 18 6
3855000 16 8
3856000 17 7
3857000 19 5
3858000 15 9
3859000 19 5
3860000 20 4
3861000 20 4
3862000 21 3
3863000 18 6
3864000 21 3
3865000 15 9
3866000 17 7
3867000 18 6
3868000 20 4
3869000 20 4
3870000 20 4
3871000 20 4
3872000 21 3
3873000 20 4
3874000 19 5
3875000 20 4
3876000 16 8
3877000 19 5
3878000 19 5
3879000 19 5
3880000 19 5
3881000 19 5
3882000 19 5
3883000 15 9
3884000 20 4
3885000 21 3
3886000 16 8
3887000 16 8
3888000 17 7
3889000 19 5
3890000 19 5
3891000 22 2
3892000 20 4
3893000 23 1
3894000 20 4
3895000 17 7
3896000 19 5
3897000 16 8
3898000 17 7
3899000 15 9
3900000 15 9
3901000 14 10
3902000 17 7
3903000 17 7
3904000 15 9
3905000 20 4
3906000 15 9
3907000 16 8
3908000 17 7
3909000 17 7
3910000 19 5
3911000 17 7
3912000 18 6
3913000 21 3
3914000 20 4
3915000 17 7
3916000 15 9
3917000 20 4
3918000 16 8
3919000 18 6
3920000 21 3
3921000 20 4
3922000 20 4
3923000 15 9
3924000 16 8
3925000 16 8
3926000 18 6
3927000 20 4
3928000 21 3
3929000 23 1
3930000 20 4
3931000 21 3
3932000 20 4
3933000 22 2
3934000 21 3
3935000 21 3
3936000 19 5
3937000 20 4
3938000 20 4
3939000 21 3
3940000 16 8
3941000 17 7
3942000 18 6
3943000 18 6
3944000 19 5
3945000 17 7
3946000 17 7
3947000 20 4
3948000 19 5
3949000 17 7
3950000 16 8
3951000 16 8
3952000 16 8
3953000 15 9
3954000 15 9
3955000 15 9
3956000 16 8
3957000 15 9
3958000 15 9
3959000 15 9
3960000 15 9
3961000 15 9
3962000 16 8
3963000 16 8
3964000 18 6
3965000 16 8
3966000 15 9
3967000 15 9
3968000 15 9
3969000 15 9
3970000 17 7
3971000 15 9
3972000 15 9
3973000 15 9
3974000 15 9
3975000 16 8
3976000 16 8
3977000 16 8
3978000 16 8
3979000 16 8
3980000 15 9
3981000 15 9
3982000 14 10
3983000 15 9
3984000 15 9
3985000 17 7
3986000 15 9
3987000 15 9
3988000 16 8
3989000 18 6
3990000 16 8
3991000 19 5
3992000 17 7
3993000 15 9
3994000 19 5
3995000 20 4
3996000 17 7
3997000 17 7
3998000 18 6
3999000 18 6
4000000 18 6
4001000 21 3
4002000 18 6
4003000 20 4
4004000 20 4
4005000 20 4
4006000 20 4
4007000 20 4
4008000 19 5
4009000 20 4
4010000 20 4
4011000 15 9
4012000 18 6
4013000 15 9
4014000 20 4
4015000 14 10
4016000 15 9
4017000 15 9
4018000 15 9
4019000 19 5
4020000 19 5
4021000 18 6
4022000 20 4
4023000 17 7
4024000 20 4
4025000 22 2
4026000 22 2
4027000 16 8
4028000 17 7
4029000 18 6
4030000 21 3
4031000 15 9
4032000 14 10
4033000 15 9
4034000 16 8
4035000 16 8
4036000 19 5
4037000 15 9
4038000 15 9
4039000 14 10
4040000 14 10
4041000 15 9
4042000 14 10
4043000 17 7
4044000 16 8
4045000 17 7
4046000 15 9
4047000 20 4
4048000 16 8
4049000 16 8
4050000 14 10
4051000 16 8
4052000 14 10
4053000 15 9
4054000 16 8
4055000 15 9
4056000 17 7
4057000 15 9
4058000 15 9
4059000 16 8
4060000 16 8
4061000 16 8
4062000 16 8
4063000 15 9
4064000 16 8
4065000 17 7
4066000 17 7
4067000 16 8
4068000 16 8
4069000 16 8
4070000 16 8
4071000 14 10
4072000 15 9
4073000 15 9
4074000 17 7
4075000 18 6
4076000 16 8
4077000 15 9
4078000 15 9
4079000 15 9
4080000 15 9
4081000 15 9
4082000 14 10
4083000 14 10
4084000 14 10
4085000 14 10
4086000 14 10
4087000 16 8
4088000 14 10
4089000 14 10
4090000 14 10
4091000 14 10
4092000 14 10
4093000 14 10
4094000 14 10
4095000 14 10
4096000 14 10
4097000 14 10
4098000 14 10
4099000 14 10
4100000 14 10
4101000 14 10
4102000 14 10
4103000 15 9
4104000 15 9
4105000 15 9
4106000 15 9
4107000 16 8
4108000 14 10
4109000 15 9
4110000 15 9
4111000 14 10
4112000 14 10
4113000 16 8
4114000 14 10
4115000 14 10
4116000 15 9
4117000 15 9
4118000 14 10
4119000 15 9
4120000 16 8
4121000 16 8
4122000 16 8
4123000 18 6
4124000 17 7
4125000 17 7
4126000 17 7
4127000 16 8
4128000 16 8
4129000 16 8
4130000 16 8
4131000 16 8
4132000 14 10
4133000 15 9
4134000 16 8
4135000 17 7
4136000 17 7
4137000 18 6
4138000 18 6
4139000 18 6
4140000 18 6
4141000 18 6
4142000 19 5
4143000 16 8
4144000 19 5
4145000 17 7
4146000 19 5
4147000 20 4
4148000 18 6
4149000 17 7
4150000 18 6
4151000 18 6
4152000 19 5
4153000 18 6
4154000 18 6
4155000 18 6
4156000 17 7
4157000 19 5
4158000 18 6
4159000 19 5
4160000 19 5
4161000 20 4
4162000 19 5
4163000 17 7
4164000 22 2
4165000 20 4
4166000 20 4
4167000 20 4
4168000 19 5
4169000 18 6
4170000 18 6
4171000 19 5
4172000 17 7
4173000 20 4
4174000 20 4
4175000 18 6
4176000 19 5
4177000 17 7
4178000 16 8
4179000 19 5
4180000 19 5
4181000 19 5
4182000 20 4
4183000 20 4
4184000 19 5
4185000 17 7
4186000 18 6
4187000 18 6
4188000 19 5
4189000 20 4
4190000 22 2
4191000 17 7
4192000 18 6
4193000 19 5
4194000 19 5
4195000 20 4
4196000 20 4
4197000 17 7
4198000 18 6
4199000 19 5
4200000 20 4
4201000 17 7
4202000 22 2
4203000 21 3
4204000 20 4
4205000 22 2
4206000 22 2
4207000 21 3
4208000 21 3
4209000 21 3
4210000 20 4
4211000 20 4
4212000 21 3
4213000 22 2
4214000 21 3
4215000 22 2
4216000 23 1
4217000 23 1
4218000 21 3
4219000 22 2
4220000 22 2
4221000 19 5
4222000 18 6
4223000 17 7
4224000 20 4
4225000 20 4
4226000 20 4
4227000 18 6
4228000 20 4
4229000 19 5
4230000 19 5
4231000 19 5
4232000 18 6
4233000 19 5
4234000 17 7
4235000 16 8
4236000 19 5
4237000 19 5
4238000 18 6
4239000 17 7
4240000 19 5
4241000 17 7
4242000 19 5
4243000 21 3
4244000 20 4
4245000 20 4
4246000 18 6
4247000 21 3
4248000 19 5
4249000 19 5
4250000 19 5
4251000 18 6
4252000 18 6
4253000 18 6
4254000 17 7
4255000 18 6
4256000 22 2
4257000 22 2
4258000 20 4
4259000 18 6
4260000 20 4
4261000 20 4
4262000 22 2
4263000 18 6
4264000 20 4
4265000 20 4
4266000 20 4
4267000 23 1
4268000 20 4
4269000 22 2
4270000 18 6
4271000 17 7
4272000 20 4
4273000 19 5
4274000 17 7
4275000 16 8
4276000 18 6
4277000 17 7
4278000 18 6
4279000 17 7
4280000 18 6
4281000 18 6
4282000 18 6
4283000 17 7
4284000 18 6
4285000 17 7
4286000 18 6
4287000 18 6
4288000 19 5
4289000 18 6
4290000 20 4
4291000 22 2
4292000 18 6
4293000 17 7
4294000 20 4
4295000 20 4
4296000 20 4
4297000 20 4
4298000 20 4
4299000 19 5
4300000 16 8
4301000 16 8
4302000 18 6
4303000 17 7
4304000 17 7
4305000 17 7
4306000 19 5
4307000 18 6
4308000 18 6
4309000 21 3
4310000 17 7
4311000 18 6
4312000 22 2
4313000 21 3
4314000 22 2
4315000 23 1
4316000 21 3
4317000 18 6
4318000 17 7
4319000 17 7
4320000 18 6
4321000 19 5
4322000 17 7
4323000 21 3
4324000 19 5
4325000 17 7
4326000 16 8
4327000 18 6
4328000 18 6
4329000 14 10
4330000 14 10
4331000 15 9
4332000 15 9
4333000 19 5
4334000 19 5
4335000 23 1
4336000 20 4
4337000 18 6
4338000 15 9
4339000 18 6
4340000 19 5
4341000 19 5
4342000 18 6
4343000 18 6
4344000 18 6
4345000 15 9
4346000 17 7
4347000 19 5
4348000 17 7
4349000 17 7
4350000 16 8
4351000 19 5
4352000 19 5
4353000 19 5
4354000 16 8
4355000 16 8
4356000 15 9
4357000 18 6
4358000 15 9
4359000 15 9
4360000 18 6
4361000 19 5
4362000 18 6
4363000 18 6
4364000 17 7
4365000 15 9
4366000 15 9
4367000 15 9
4368000 15 9
4369000 15 9
4370000 15 9
4371000 14 10
4372000 16 8
4373000 16 8
4374000 15 9
4375000 15 9
4376000 16 8
4377000 16 8
4378000 16 8
4379000 18 6
4380000 18 6
4381000 19 5
4382000 16 8
4383000 14 10
4384000 16 8
4385000 15 9
4386000 14 10
4387000 14 10
4388000 15 9
4389000 14 10
4390000 15 9
4391000 15 9
4392000 15 9
4393000 14 10
4394000 16 8
4395000 13 11
4396000 13 11
4397000 13 11
4398000 13 11
4399000 13 11
4400000 13 11
4401000 13 11
4402000 13 11
4403000 14 10
4404000 15 9
4405000 13 11
4406000 17 7
4407000 16 8
4408000 16 8
4409000 16 8
4410000 13 11
4411000 13 11
4412000 16 8
4413000 17 7
4414000 18 6
4415000 18 6
4416000 15 9
4417000 15 9
4418000 16 8
4419000 16 8
4420000 16 8
4421000 16 8
4422000 15 9
4423000 17 7
4424000 17 7
4425000 17 7
4426000 16 8
4427000 18 6
4428000 20 4
4429000 19 5
4430000 19 5
4431000 21 3
4432000 18 6
4433000 20 4
4434000 19 5
4435000 21 3
4436000 18 6
4437000 17 7
4438000 18 6
4439000 21 3
4440000 19 5
4441000 20 4
4442000 21 3
4443000 21 3
4444000 19 5
4445000 21 3
4446000 22 2
4447000 20 4
4448000 18 6
4449000 19 5
4450000 20 4
4451000 15 9
4452000 18 6
4453000 18 6
4454000 18 6
4455000 20 4
4456000 20 4
4457000 18 6
4458000 21 3
4459000 20 4
4460000 21 3
4461000 20 4
4462000 21 3
4463000 20 4
4464000 17 7
4465000 15 9
4466000 17 7
4467000 17 7
4468000 18 6
4469000 18 6
4470000 18 6
4471000 16 8
4472000 16 8
4473000 15 9
4474000 15 9
4475000 15 9
4476000 16 8
4477000 16 8
4478000 15 9
4479000 15 9
4480000 15 9
4481000 15 9
4482000 16 8
4483000 15 9
4484000 15 9
4485000 15 9
4486000 16 8
4487000 17 7
4488000 16 8
4489000 19 5
4490000 22 2
4491000 17 7
4492000 18 6
4493000 20 4
4494000 19 5
4495000 18 6
4496000 21 3
4497000 19 5
4498000 16 8
4499000 18 6
4500000 18 6
4501000 18 6
4502000 18 6
4503000 18 6
4504000 21 3
4505000 17 7
4506000 21 3
4507000 22 2
4508000 18 6
4509000 18 6
4510000 22 2
4511000 17 7
4512000 17 7
4513000 19 5
4514000 19 5
4515000 17 7
4516000 17 7
4517000 15 9
4518000 18 6
4519000 19 5
4520000 19 5
4521000 16 8
4522000 19 5
4523000 15 9
4524000 15 9
4525000 16 8
4526000 20 4
4527000 21 3
4528000 20 4
4529000 20 4
4530000 21 3
4531000 22 2
4532000 18 6
4533000 18 6
4534000 18 6
4535000 18 6
4536000 20 4
4537000 17 7
4538000 18 6
4539000 17 7
4540000 17 7
4541000 22 2
4542000 19 5
4543000 18 6
4544000 15 9
4545000 16 8
4546000 17 7
4547000 17 7
4548000 19 5
4549000 19 5
4550000 17 7
4551000 17 7
4552000 16 8
4553000 17 7
4554000 15 9
4555000 16 8
4556000 18 6
4557000 20 4
4558000 17 7
4559000 18 6
4560000 17 7
4561000 15 9
4562000 18 6
4563000 16 8
4564000 16 8
4565000 23 1
4566000 21 3
4567000 18 6
4568000 17 7
4569000 20 4
4570000 22 2
4571000 16 8
4572000 14 10
4573000 19 5
4574000 20 4
4575000 18 6
4576000 21 3
4577000 20 4
4578000 18 6
4579000 16 8
4580000 16 8
4581000 15 9
4582000 17 7
4583000 15 9
4584000 16 8
4585000 16 8
4586000 16 8
4587000 16 8
4588000 16 8
4589000 17 7
4590000 16 8
4591000 17 7
4592000 17 7
4593000 17 7
4594000 17 7
4595000 18 6
4596000 16 8
4597000 19 5
4598000 18 6
4599000 17 7
4600000 19 5
4601000 20 4
4602000 19 5
4603000 20 4
4604000 17 7
4605000 18 6
4606000 17 7
4607000 19 5
4608000 18 6
4609000 19 5
4610000 18 6
4611000 19 5
4612000 19 5
4613000 19 5
4614000 18 6
4615000 19 5
4616000 20 4
4617000 18 6
4618000 18 6
4619000 18 6
4620000 19 5
4621000 19 5
4622000 17 7
4623000 17 7
4624000 18 6
4625000 18 6
4626000 18 6
4627000 19 5
4628000 19 5
4629000 19 5
4630000 20 4
4631000 20 4
4632000 19 5
4633000 17 7
4634000 19 5
4635000 19 5
4636000 18 6
4637000 18 6
4638000 21 3
4639000 20 4
4640000 21 3
4641000 19 5
4642000 17 7
4643000 18 6
4644000 20 4
4645000 19 5
4646000 19 5
4647000 17 7
4648000 19 5
4649000 18 6
4650000 19 5
4651000 15 9
4652000 17 7
4653000 15 9
4654000 16 8
4655000 16 8
4656000 19 5
4657000 17 7
4658000 17 7
4659000 17 7
4660000 17 7
4661000 17 7
4662000 17 7
4663000 19 5
4664000 17 7
4665000 16 8
4666000 17 7
4667000 16 8
4668000 17 7
4669000 17 7
4670000 16 8
4671000 17 7
4672000 15 9
4673000 16 8
4674000 15 9
4675000 15 9
4676000 15 9
4677000 18 6
4678000 18 6
4679000 17 7
4680000 17 7
4681000 15 9
4682000 15 9
4683000 17 7
4684000 17 7
4685000 16 8
4686000 15 9
4687000 15 9
4688000 17 7
4689000 18 6
4690000 19 5
4691000 17 7
4692000 23 1
4693000 22 2
4694000 21 3
4695000 19 5
4696000 20 4
4697000 21 3
4698000 22 2
4699000 18 6
4700000 17 7
4701000 18 6
4702000 18 6
4703000 18 6
4704000 18 6
4705000 17 7
4706000 18 6
4707000 17 7
4708000 19 5
4709000 19 5
4710000 20 4
4711000 19 5
4712000 20 4
4713000 17 7
4714000 18 6
4715000 16 8
4716000 18 6
4717000 18 6
4718000 18 6
4719000 19 5
4720000 17 7
4721000 18 6
4722000 18 6
4723000 18 6
4724000 17 7
4725000 17 7
4726000 17 7
4727000 18 6
4728000 18 6
4729000 18 6
4730000 17 7
4731000 18 6
4732000 17 7
4733000 15 9
4734000 17 7
4735000 20 4
4736000 21 3
4737000 17 7
4738000 18 6
4739000 19 5
4740000 18 6
4741000 18 6
4742000 20 4
4743000 19 5
4744000 18 6
4745000 19 5
4746000 20 4
4747000 18 6
4748000 18 6
4749000 19 5
4750000 20 4
4751000 20 4
4752000 20 4
4753000 19 5
4754000 19 5
4755000 17 7
4756000 18 6
4757000 19 5
4758000 18 6
4759000 19 5
4760000 18 6
4761000 17 7
4762000 18 6
4763000 18 6
4764000 18 6
4765000 18 6
4766000 17 7
4767000 19 5
4768000 18 6
4769000 19 5
4770000 19 5
4771000 19 5
4772000 21 3
4773000 18 6
4774000 19 5
4775000 19 5
4776000 19 5
4777000 19 5
4778000 19 5
4779000 19 5
4780000 19 5
4781000 18 6
4782000 18 6
4783000 19 5
4784000 18 6
4785000 19 5
4786000 17 7
4787000 18 6
4788000 17 7
4789000 19 5
4790000 18 6
4791000 18 6
4792000 18 6
4793000 18 6
4794000 18 6
4795000 18 6
4796000 19 5
4797000 16 8
4798000 17 7
4799000 20 4
4800000 16 8
4801000 16 8
4802000 17 7
4803000 17 7
4804000 18 6
4805000 18 6
4806000 19 5
4807000 19 5
4808000 18 6
4809000 19 5
4810000 19 5
4811000 19 5
4812000 18 6
4813000 18 6
4814000 18 6
4815000 18 6
4816000 18 6
4817000 19 5
4818000 19 5
4819000 18 6
4820000 20 4
4821000 19 5
4822000 19 5
4823000 19 5
4824000 17 7
4825000 17 7
4826000 16 8
4827000 16 8
4828000 16 8
4829000 18 6
4830000 17 7
4831000 17 7
4832000 16 8
4833000 18 6
4834000 17 7
4835000 19 5
4836000 18 6
4837000 18 6
4838000 18 6
4839000 18 6
4840000 18 6
4841000 19 5
4842000 20 4
4843000 19 5
4844000 18 6
4845000 20 4
4846000 19 5
4847000 18 6
4848000 19 5
4849000 18 6
4850000 17 7
4851000 19 5
4852000 18 6
4853000 18 6
4854000 19 5
4855000 18 6
4856000 20 4
4857000 18 6
4858000 19 5
4859000 18 6
4860000 20 4
4861000 20 4
4862000 18 6
4863000 18 6
4864000 20 4
4865000 19 5
4866000 15 9
4867000 16 8
4868000 20 4
4869000 18 6
4870000 16 8
4871000 16 8
4872000 16 8
4873000 16 8
4874000 16 8
4875000 19 5
4876000 18 6
4877000 17 7
4878000 17 7
4879000 19 5
4880000 18 6
4881000 17 7
4882000 16 8
4883000 16 8
4884000 15 9
4885000 16 8
4886000 16 8
4887000 17 7
4888000 16 8
4889000 17 7
4890000 15 9
4891000 16 8
4892000 17 7
4893000 17 7
4894000 16 8
4895000 17 7
4896000 16 8
4897000 16 8
4898000 16 8
4899000 16 8
4900000 17 7
4901000 16 8
4902000 17 7
4903000 16 8
4904000 16 8
4905000 17 7
4906000 17 7
4907000 16 8
4908000 17 7
4909000 16 8
4910000 18 6
4911000 17 7
4912000 19 5
4913000 18 6
4914000 18 6
4915000 17 7
4916000 17 7
4917000 17 7
4918000 17 7
4919000 16 8
4920000 16 8
4921000 16 8
4922000 16 8
4923000 16 8
4924000 16 8
4925000 16 8
4926000 17 7
4927000 16 8
4928000 17 7
4929000 16 8
4930000 17 7
4931000 16 8
4932000 17 7
4933000 18 6
4934000 16 8
4935000 18 6
4936000 18 6
4937000 19 5
4938000 17 7
4939000 17 7
4940000 18 6
4941000 17 7
4942000 16 8
4943000 18 6
4944000 17 7
4945000 17 7
4946000 20 4
4947000 18 6
4948000 18 6
4949000 17 7
4950000 18 6
4951000 17 7
4952000 17 7
4953000 17 7
4954000 18 6
4955000 18 6
4956000 19 5
4957000 17 7
4958000 18 6
4959000 18 6
4960000 19 5
4961000 18 6
4962000 18 6
4963000 18 6
4964000 18 6
4965000 17 7
4966000 17 7
4967000 17 7
4968000 18 6
4969000 17 7
4970000 19 5
4971000 18 6
4972000 17 7
4973000 18 6
4974000 17 7
4975000 17 7
4976000 18 6
4977000 18 6
4978000 17 7
4979000 18 6
4980000 18 6
4981000 18 6
4982000 18 6
4983000 18 6
4984000 18 6
4985000 18 6
4986000 18 6
4987000 18 6
4988000 18 6
4989000 18 6
4990000 19 5
4991000 19 5
4992000 18 6
4993000 19 5
4994000 19 5
4995000 18 6
4996000 18 6
4997000 18 6
4998000 18 6
4999000 18 6
5000000 18 6
5001000 17 7
5002000 18 6
5003000 19 5
5004000 18 6
5005000 18 6
5006000 19 5
5007000 19 5
5008000 20 4
5009000 20 4
5010000 22 2
5011000 20 4
5012000 20 4
5013000 19 5
5014000 17 7
5015000 18 6
5016000 17 7
5017000 18 6
5018000 17 7
5019000 18 6
5020000 19 5
5021000 18 6
5022000 16 8
5023000 19 5
5024000 19 5
5025000 18 6
5026000 19 5
5027000 17 7
5028000 16 8
5029000 16 8
5030000 16 8
5031000 18 6
5032000 16 8
5033000 16 8
5034000 16 8
5035000 16 8
5036000 16 8
5037000 18 6
5038000 18 6
5039000 20 4
5040000 20 4
5041000 19 5
5042000 21 3
5043000 18 6
5044000 19 5
5045000 18 6
5046000 18 6
5047000 18 6
5048000 17 7
5049000 17 7
5050000 17 7
5051000 18 6
5052000 19 5
5053000 18 6
5054000 19 5
5055000 19 5
5056000 18 6
5057000 19 5
5058000 18 6
5059000 19 5
5060000 19 5
5061000 19 5
5062000 17 7
5063000 18 6
5064000 17 7
5065000 16 8
5066000 16 8
5067000 18 6
5068000 18 6
5069000 19 5
5070000 18 6
5071000 21 3
5072000 20 4
5073000 19 5
5074000 16 8
5075000 18 6
5076000 18 6
5077000 20 4
5078000 19 5
5079000 20 4
5080000 19 5
5081000 20 4
5082000 19 5
5083000 20 4
5084000 22 2
5085000 18 6
5086000 21 3
5087000 21 3
5088000 22 2
5089000 21 3
5090000 19 5
5091000 19 5
5092000 17 7
5093000 16 8
5094000 18 6
5095000 20 4
5096000 19 5
5097000 18 6
5098000 17 7
5099000 18 6
5100000 17 7
5101000 16 8
5102000 19 5
5103000 15 9
5104000 16 8
5105000 17 7
5106000 20 4
5107000 16 8
5108000 16 8
5109000 15 9
5110000 15 9
5111000 19 5
5112000 18 6
5113000 17 7
5114000 19 5
5115000 20 4
5116000 17 7
5117000 17 7
5118000 20 4
5119000 20 4
5120000 19 5
5121000 15 9
5122000 17 7
5123000 20 4
5124000 15 9
5125000 16 8
5126000 17 7
5127000 20 4
5128000 20 4
5129000 16 8
5130000 20 4
5131000 17 7
5132000 18 6
5133000 19 5
5134000 18 6
5135000 15 9
5136000 17 7
5137000 15 9
5138000 17 7
5139000 16 8
5140000 19 5
5141000 20 4
5142000 20 4
5143000 19 5
5144000 19 5
5145000 17 7
5146000 17 7
5147000 17 7
5148000 15 9
5149000 19 5
5150000 16 8
5151000 16 8
5152000 16 8
5153000 17 7
5154000 16 8
5155000 17 7
5156000 18 6
5157000 19 5
5158000 18 6
5159000 19 5
5160000 18 6
5161000 20 4
5162000 19 5
5163000 18 6
5164000 18 6
5165000 19 5
5166000 17 7
5167000 16 8
5168000 16 8
5169000 17 7
5170000 19 5
5171000 19 5
5172000 17 7
5173000 20 4
5174000 17 7
5175000 18 6
5176000 18 6
5177000 16 8
5178000 18 6
5179000 16 8
5180000 16 8
5181000 16 8
5182000 14 10
5183000 16 8
5184000 15 9
5185000 18 6
5186000 17 7
5187000 15 9
5188000 16 8
5189000 16 8
5190000 15 9
5191000 20 4
5192000 18 6
5193000 17 7
5194000 16 8
5195000 14 10
5196000 14 10
5197000 16 8
5198000 16 8
5199000 15 9
5200000 16 8
5201000 15 9
5202000 15 9
5203000 14 10
5204000 15 9
5205000 15 9
5206000 16 8
5207000 17 7
5208000 15 9
5209000 17 7
5210000 15 9
5211000 15 9
5212000 14 10
5213000 15 9
5214000 14 10
5215000 14 10
5216000 15 9
5217000 15 9
5218000 17 7
5219000 17 7
5220000 17 7
5221000 17 7
5222000 17 7
5223000 18 6
5224000 17 7
5225000 17 7
5226000 17 7
5227000 20 4
5228000 19 5
5229000 19 5
5230000 18 6
5231000 18 6
5232000 19 5
5233000 20 4
5234000 20 4
5235000 18 6
5236000 17 7
5237000 17 7
5238000 17 7
5239000 20 4
5240000 18 6
5241000 19 5
5242000 20 4
5243000 18 6
5244000 19 5
5245000 19 5
5246000 19 5
5247000 22 2
5248000 21 3
5249000 21 3
5250000 18 6
5251000 19 5
5252000 18 6
5253000 19 5
5254000 18 6
5255000 17 7
5256000 19 5
5257000 16 8
5258000 18 6
5259000 18 6
5260000 19 5
5261000 18 6
5262000 17 7
5263000 19 5
5264000 19 5
5265000 18 6
5266000 17 7
5267000 19 5
5268000 19 5
5269000 17 7
5270000 16 8
5271000 16 8
5272000 17 7
5273000 18 6
5274000 17 7
5275000 19 5
5276000 17 7
5277000 17 7
5278000 16 8
5279000 15 9
5280000 16 8
5281000 17 7
5282000 18 6
5283000 17 7
5284000 16 8
5285000 18 6
5286000 17 7
5287000 17 7
5288000 19 5
5289000 17 7
5290000 20 4
5291000 20 4
5292000 18 6
5293000 18 6
5294000 17 7
5295000 19 5
5296000 19 5
5297000 18 6
5298000 18 6
5299000 15 9
5300000 17 7
5301000 17 7
5302000 18 6
5303000 16 8
5304000 17 7
5305000 17 7
5306000 19 5
5307000 17 7
5308000 17 7
5309000 16 8
5310000 16 8
5311000 17 7
5312000 16 8
5313000 16 8
5314000 18 6
5315000 18 6
5316000 17 7
5317000 17 7
5318000 18 6
5319000 18 6
5320000 18 6
5321000 18 6
5322000 21 3
5323000 19 5
5324000 16 8
5325000 20 4
5326000 16 8
5327000 17 7
5328000 17 7
5329000 16 8
5330000 18 6
5331000 16 8
5332000 16 8
5333000 17 7
5334000 16 8
5335000 16 8
5336000 16 8
5337000 16 8
5338000 16 8
5339000 17 7
5340000 17 7
5341000 18 6
5342000 18 6
5343000 18 6
5344000 19 5
5345000 15 9
5346000 16 8
5347000 17 7
5348000 19 5
5349000 15 9
5350000 19 5
5351000 21 3
5352000 21 3
5353000 21 3
5354000 20 4
5355000 20 4
5356000 21 3
5357000 21 3
5358000 19 5
5359000 22 2
5360000 18 6
5361000 22 2
5362000 18 6
5363000 17 7
5364000 20 4
5365000 19 5
5366000 22 2
5367000 19 5
5368000 19 5
5369000 20 4
5370000 21 3
5371000 19 5
5372000 20 4
5373000 21 3
5374000 19 5
5375000 19 5
5376000 18 6
5377000 22 2
5378000 20 4
5379000 18 6
5380000 19 5
5381000 18 6
5382000 20 4
5383000 18 6
5384000 18 6
5385000 20 4
5386000 20 4
5387000 19 5
5388000 21 3
5389000 21 3
5390000 20 4
5391000 23 1
5392000 19 5
5393000 19 5
5394000 19 5
5395000 20 4
5396000 19 5
5397000 21 3
5398000 20 4
5399000 19 5
5400000 18 6
5401000 19 5
5402000 17 7
5403000 18 6
5404000 18 6
5405000 18 6
5406000 18 6
5407000 18 6
5408000 18 6
5409000 17 7
5410000 18 6
5411000 22 2
5412000 19 5
5413000 19 5
5414000 19 5
5415000 19 5
5416000 17 7
5417000 22 2
5418000 17 7
5419000 17 7
5420000 17 7
5421000 17 7
5422000 17 7
5423000 17 7
5424000 18 6
5425000 17 7
5426000 18 6
5427000 20 4
5428000 18 6
5429000 20 4
5430000 18 6
5431000 20 4
5432000 18 6
5433000 18 6
5434000 18 6
5435000 18 6
5436000 18 6
5437000 19 5
5438000 19 5
5439000 20 4
5440000 19 5
5441000 19 5
5442000 18 6
5443000 19 5
5444000 20 4
5445000 19 5
5446000 18 6
5447000 19 5
5448000 21 3
5449000 19 5
5450000 21 3
5451000 20 4
5452000 18 6
5453000 19 5
5454000 19 5
5456000 19 5
5457000 18 6
5458000 20 4
5459000 20 4
5460000 22 2
5461000 19 5
5462000 19 5
5463000 19 5
5464000 18 6
5465000 21 3
5466000 20 4
5467000 20 4
5468000 22 2
5469000 21 3
5470000 23 1
5471000 22 2
5472000 19 5
5473000 20 4
5474000 19 5
5475000 20 4
5476000 21 3
5477000 21 3
5478000 22 2
5479000 20 4
5480000 21 3
5481000 19 5
5482000 21 3
5483000 21 3
5484000 20 4
5485000 21 3
5486000 20 4
5487000 20 4
5488000 20 4
5489000 20 4
5490000 23 1
5491000 20 4
5492000 14 10
5493000 20 4
5494000 19 5
5495000 21 3
5496000 21 3
5497000 21 3
5498000 20 4
5499000 21 3
5500000 19 5
5501000 21 3
5502000 21 3
5503000 23 1
5504000 20 4
5505000 19 5
5506000 19 5
5507000 21 3
5508000 22 2
5509000 20 4
5510000 18 6
5511000 22 2
5512000 22 2
5513000 20 4
5514000 16 8
5515000 20 4
5516000 23 1
5517000 23 1
5518000 18 6
5519000 14 10
5520000 14 10
5521000 21 3
5522000 21 3
5523000 19 5
5524000 23 1
5525000 22 2
5526000 22 2
5527000 18 6
5529000 12 12
5530000 23 1
5531000 23 1
5532000 14 10
5534000 23 1
5535000 21 3
5536000 20 4
5537000 22 2
5538000 23 1
5539000 20 4
5540000 23 1
5541000 23 1
5542000 21 3
5543000 23 1
5544000 23 1
5545000 21 3
5546000 21 3
5547000 23 1
5548000 23 1
5549000 22 2
5550000 22 2
5551000 21 3
5552000 24 0
5553000 20 4
5554000 22 2
5555000 23 1
5556000 18 6
5557000 21 3
5558000 17 7
5559000 21 3
5560000 23 1
5561000 21 3
5562000 21 3
5563000 21 3
5564000 22 2
5565000 22 2
5566000 19 5
5567000 19 5
5568000 19 5
5569000 23 1
5570000 23 1
5571000 22 2
5572000 19 5
5573000 21 3
5574000 18 6
5575000 21 3
5576000 21 3
5577000 19 5
5578000 22 2
5579000 21 3
5580000 22 2
5581000 21 3
5582000 21 3
5583000 21 3
5584000 21 3
5585000 21 3
5586000 12 12
5587000 21 3
5588000 19 5
5589000 19 5
5590000 19 5
5591000 19 5
5592000 18 6
5593000 21 3
5594000 21 3
5595000 21 3
5596000 19 5
5597000 21 3
5598000 21 3
5599000 21 3
5600000 21 3
5601000 21 3
5602000 21 3
5603000 21 3
5604000 21 3
5605000 21 3
5606000 23 1
5607000 21 3
5608000 19 5
5609000 21 3
5610000 21 3
5611000 21 3
5612000 19 5
5613000 19 5
5614000 19 5
5615000 24 0
5616000 24 0
5617000 24 0
5618000 21 3
5619000 21 3
5620000 21 3
5621000 14 10
5622000 13 11
5623000 21 3
5625000 19 5
5626000 13 11
5628000 12 12
5629000 19 5
5630000 18 6
5631000 12 12
5632000 21 3
5633000 21 3
5634000 13 11
5635000 21 3
5636000 15 9
5637000 13 11
5638000 13 11
5639000 13 11
5640000 24 0
5641000 14 10
5642000 14 10
5643000 15 9
5644000 20 4
5645000 20 4
5646000 20 4
5647000 22 2
5648000 17 7
5649000 22 2
5650000 21 3
5651000 15 9
5652000 14 10
5653000 14 10
5654000 22 2
5655000 21 3
5656000 21 3
5658000 21 3
5659000 23 1
5660000 22 2
5661000 21 3
5662000 22 2
5665000 24 0
5666000 23 1
5667000 23 1
5668000 23 1
5669000 17 7
5670000 19 5
5671000 22 2
5673000 12 12
5674000 23 1
5675000 17 7
5676000 14 10
5678000 17 7
5681000 15 9
5682000 21 3
5683000 19 5
5684000 12 12
5685000 17 7
5686000 24 0
5687000 13 11
5688000 23 1
5689000 24 0
5690000 17 7
5691000 24 0
5692000 24 0
5693000 12 12
5696000 22 2
5697000 12 12
5698000 21 3
5699000 23 1
5700000 21 3
5701000 19 5
5702000 19 5
5703000 21 3
5704000 15 9
5705000 14 10
5706000 19 5
5707000 20 4
5708000 19 5
5709000 20 4
5710000 19 5
5711000 20 4
5712000 21 3
5713000 19 5
5714000 20 4
5715000 20 4
5716000 13 11
5717000 18 6
5718000 18 6
5719000 13 11
5720000 20 4
5724000 12 12
5740000 20 4
5741000 14 10
5744000 17 7
5746000 12 12
5747000 21 3
5748000 14 10
5749000 13 11
5751000 12 12
5752000 12 12
5753000 12 12
5754000 12 12
5755000 17 7
5756000 17 7
5757000 16 8
5759000 13 11
5761000 18 6
5762000 18 6
5763000 15 9
5764000 18 6
5765000 17 7
5766000 17 7
5767000 18 6
5768000 20 4
5769000 17 7
5770000 17 7
5771000 18 6
5772000 20 4
5773000 18 6
5774000 18 6
5775000 18 6
5776000 17 7
5777000 18 6
5778000 18 6
5779000 18 6
5780000 18 6
5781000 17 7
5782000 18 6
5783000 17 7
5784000 19 5
5785000 20 4
5786000 19 5
5787000 21 3
5788000 19 5
5789000 17 7
5790000 19 5
5791000 16 8
5792000 17 7
5794000 18 6
5795000 12 12
5796000 21 3
5797000 17 7
5798000 21 3
5799000 21 3
5800000 17 7
5801000 15 9
5802000 17 7
5803000 16 8
5804000 19 5
5805000 18 6
5806000 18 6
5807000 12 12
5808000 17 7
5809000 17 7
5810000 16 8
5811000 17 7
5812000 16 8
5813000 18 6
5814000 18 6
5815000 17 7
5816000 17 7
5817000 17 7
5818000 17 7
5819000 16 8
5821000 16 8
5823000 16 8
5826000 17 7
5827000 17 7
5828000 18 6
5830000 18 6
5831000 19 5
5832000 21 3
5833000 21 3
5834000 21 3
5835000 20 4
5836000 22 2
5837000 22 2
5838000 21 3
5839000 21 3
5840000 22 2
5841000 12 12
5842000 21 3
5843000 17 7
5844000 19 5
5847000 18 6
5848000 21 3
5849000 22 2
5850000 21 3
5851000 21 3
5852000 21 3
5853000 17 7
5854000 17 7
5855000 18 6
5856000 17 7
5857000 17 7
5858000 20 4
5859000 18 6
5860000 18 6
5861000 18 6
5862000 21 3
5863000 18 6
5864000 18 6
5865000 22 2
5866000 19 5
5867000 18 6
5868000 22 2
5869000 17 7
5870000 22 2
5871000 23 1
5872000 23 1
5873000 22 2
5874000 22 2
5875000 22 2
5876000 15 9
5877000 14 10
5878000 18 6
5879000 18 6
5880000 23 1
5881000 23 1
5882000 23 1
5883000 22 2
5884000 22 2
5885000 22 2
5886000 21 3
5887000 21 3
5888000 23 1
5889000 24 0
5890000 22 2
5891000 22 2
5892000 22 2
5893000 22 2
5894000 21 3
5895000 21 3
5896000 22 2
5897000 21 3
5898000 20 4
5899000 23 1
5900000 22 2
5901000 22 2
5902000 21 3
5903000 23 1
5904000 21 3
5905000 20 4
5906000 20 4
5907000 19 5
5908000 20 4
5909000 21 3
5910000 20 4
5911000 20 4
5912000 21 3
5913000 22 2
5914000 21 3
5915000 21 3
5916000 22 2
5917000 21 3
5918000 21 3
5919000 21 3
5920000 20 4
5921000 20 4
5922000 21 3
5923000 20 4
5924000 21 3
5925000 21 3
5926000 21 3
5927000 22 2
5928000 21 3
5929000 21 3
5930000 22 2
5931000 22 2
5932000 22 2
5933000 20 4
5934000 22 2
5935000 20 4
5936000 22 2
5937000 22 2
5938000 21 3
5939000 23 1
5940000 14 10
5941000 19 5
5942000 21 3
5943000 18 6
5944000 17 7
5945000 22 2
5946000 23 1
5947000 20 4
5948000 22 2
5949000 22 2
5950000 20 4
5951000 20 4
5952000 21 3
5953000 21 3
5954000 20 4
5955000 20 4
5956000 17 7
5957000 17 7
5958000 18 6
5959000 21 3
5960000 18 6
5961000 22 2
5962000 19 5
5963000 22 2
5964000 22 2
5965000 20 4
5966000 23 1
5967000 21 3
5968000 13 11
5969000 12 12
5970000 19 5
5971000 22 2
5972000 23 1
5973000 20 4
5974000 20 4
5975000 16 8
5976000 18 6
5977000 22 2
5978000 20 4
5979000 20 4
5980000 17 7
5981000 18 6
5982000 22 2
5983000 12 12
5984000 12 12
5985000 19 5
5986000 23 1
5987000 22 2
5988000 16 8
5989000 22 2
5990000 14 10
5991000 13 11
5992000 12 12
5993000 12 12
5994000 22 2
5995000 22 2
5996000 14 10
5997000 14 10
5998000 22 2
5999000 12 12
6000000 21 3
6001000 22 2
6002000 21 3
6003000 22 2
6004000 22 2
6005000 22 2
6006000 23 1
6007000 19 5
6008000 23 1
6009000 22 2
6010000 20 4
6011000 22 2
6012000 22 2
6013000 23 1
6014000 21 3
6015000 22 2
6016000 21 3
6017000 19 5
6018000 21 3
6019000 16 8
6020000 16 8
6021000 18 6
6022000 16 8
6023000 21 3
6024000 18 6
6025000 18 6
6026000 18 6
6027000 18 6
6028000 18 6
6029000 18 6
6030000 18 6
6031000 19 5
6032000 19 5
6033000 18 6
6034000 19 5
6035000 19 5
6036000 19 5
6037000 18 6
6038000 19 5
6039000 17 7
6040000 18 6
6041000 18 6
6042000 18 6
6043000 19 5
6044000 16 8
6045000 17 7
6046000 21 3
6047000 20 4
6048000 19 5
6050000 21 3
6051000 19 5
6052000 22 2
6053000 19 5
6054000 19 5
6055000 17 7
6056000 19 5
6058000 18 6
6059000 18 6
6060000 20 4
6061000 18 6
6062000 18 6
6063000 18 6
6066000 16 8
6067000 18 6
6068000 21 3
6069000 21 3
6070000 22 2
6071000 22 2
6072000 21 3
6073000 23 1
6074000 23 1
6075000 19 5
6076000 19 5
6077000 19 5
6078000 18 6
6079000 18 6
6080000 18 6
6081000 18 6
6082000 18 6
6083000 18 6
6084000 18 6
6085000 19 5
6086000 23 1
6087000 19 5
6088000 23 1
6090000 22 2
6092000 19 5
6094000 20 4
6095000 21 3
6096000 19 5
6097000 18 6
6098000 21 3
6099000 20 4
6100000 18 6
6101000 20 4
6102000 19 5
6103000 21 3
6104000 19 5
6105000 20 4
6106000 18 6
6107000 18 6
6108000 20 4
6109000 18 6
6110000 22 2
6111000 17 7
6112000 18 6
6113000 18 6
6114000 19 5
6115000 23 1
6116000 21 3
6117000 20 4
6118000 21 3
6119000 21 3
6120000 19 5
6121000 20 4
6122000 21 3
6123000 20 4
6124000 22 2
6125000 22 2
6126000 18 6
6127000 18 6
6128000 18 6
6129000 19 5
6130000 19 5
6131000 19 5
6132000 20 4
6133000 20 4
6134000 20 4
6135000 20 4
6136000 19 5
6137000 19 5
6138000 19 5
6139000 20 4
6140000 18 6
6141000 18 6
6142000 17 7
6143000 18 6
6144000 19 5
6145000 20 4
6146000 18 6
6147000 18 6
6148000 17 7
6149000 17 7
6152000 17 7
6153000 17 7
6154000 19 5
6155000 21 3
6156000 12 12
6157000 12 12
6159000 12 12
6161000 23 1
6174000 20 4
6175000 21 3
6176000 20 4
6177000 22 2
6178000 23 1
6179000 22 2
6180000 22 2
6181000 13 11
6182000 14 10
6183000 20 4
6184000 21 3
6192000 21 3
6194000 22 2
6195000 20 4
6197000 12 12
6198000 20 4
6199000 20 4
6200000 20 4
6201000 20 4
6202000 20 4
6206000 12 12
6207000 12 12
6208000 20 4
6209000 20 4
6211000 12 12
6215000 21 3
6222000 13 11
6224000 13 11
6227000 21 3
6228000 22 2
6229000 20 4
6231000 13 11
6232000 17 7
6233000 21 3
6234000 17 7
6235000 12 12
6236000 12 12
6239000 20 4
6240000 20 4
6241000 20 4
6242000 20 4
6243000 18 6
6244000 22 2
6246000 19 5
6247000 19 5
6248000 20 4
6249000 21 3
6250000 21 3
6251000 22 2
6252000 19 5
6253000 23 1
6254000 17 7
6255000 19 5
6257000 17 7
6258000 17 7
6259000 16 8
6260000 18 6
6261000 18 6
6262000 18 6
6263000 19 5
6264000 17 7
6265000 19 5
6266000 20 4
6267000 19 5
6268000 19 5
6269000 19 5
6270000 22 2
6271000 21 3
6272000 19 5
6273000 19 5
6274000 19 5
6275000 22 2
6278000 21 3
6279000 19 5
6280000 21 3
6281000 21 3
6282000 14 10
6283000 19 5
6284000 21 3
6285000 16 8
6286000 19 5
6289000 16 8
6290000 16 8
6291000 12 12
6292000 19 5
6293000 21 3
6294000 21 3
6295000 22 2
6296000 21 3
6297000 19 5
6298000 20 4
6299000 22 2
6300000 19 5
6301000 18 6
6302000 17 7
6303000 17 7
6304000 15 9
6305000 15 9
6306000 19 5
6308000 19 5
6309000 16 8
6310000 15 9
6311000 17 7
6312000 16 8
6313000 20 4
6314000 22 2
6315000 17 7
6316000 16 8
6317000 18 6
6318000 17 7
6319000 20 4
6320000 22 2
6321000 19 5
6322000 20 4
6323000 17 7
6324000 16 8
6325000 20 4
6326000 22 2
6327000 16 8
6328000 17 7
6329000 22 2
6330000 19 5
6331000 16 8
6332000 23 1
6333000 21 3
6334000 17 7
6335000 17 7
6336000 19 5
6337000 18 6
6338000 18 6
6339000 16 8
6340000 17 7
6341000 20 4
6343000 17 7
6344000 17 7
6345000 18 6
6346000 17 7
6347000 18 6
6348000 17 7
6349000 19 5
6350000 18 6
6351000 21 3
6352000 18 6
6353000 17 7
6354000 18 6
6356000 21 3
6357000 19 5
6358000 18 6
6359000 21 3
6361000 20 4
6362000 17 7
6363000 22 2
6364000 19 5
6365000 12 12
6366000 17 7
6367000 16 8
6368000 18 6
6369000 16 8
6370000 18 6
6371000 18 6
6372000 18 6
6373000 21 3
6374000 20 4
6375000 20 4
6376000 20 4
6377000 19 5
6378000 19 5
6379000 12 12
6380000 20 4
6382000 20 4
6383000 17 7
6384000 20 4
6385000 20 4
6386000 19 5
6387000 21 3
6388000 21 3
6389000 12 12
6390000 12 12
6391000 12 12
6396000 12 12
6399000 22 2
6400000 14 10
6402000 14 10
6403000 19 5
6406000 12 12
6407000 12 12
6408000 21 3
6414000 13 11
6417000 13 11
6418000 13 11
6420000 18 6
6421000 18 6
6422000 20 4
6423000 18 6
6424000 18 6
6425000 18 6
6426000 18 6
6427000 18 6
6428000 12 12
6429000 19 5
6430000 18 6
6431000 19 5
6432000 23 1
6433000 21 3
6434000 19 5
6435000 18 6
6436000 16 8
6437000 16 8
6438000 16 8
6439000 18 6
6440000 18 6
6441000 20 4
6442000 19 5
6445000 22 2
6446000 21 3
6447000 21 3
6448000 20 4
6449000 21 3
6451000 21 3
6452000 21 3
6453000 22 2
6454000 22 2
6455000 22 2
6456000 22 2
6457000 17 7
6458000 23 1
6459000 22 2
6460000 21 3
6461000 23 1
6462000 21 3
6463000 13 11
6464000 13 11
6465000 18 6
6466000 22 2
6467000 22 2
6468000 20 4
6469000 20 4
6470000 17 7
6471000 20 4
6472000 22 2
6473000 18 6
6474000 18 6
6475000 21 3
6476000 21 3
6477000 22 2
6478000 23 1
6479000 22 2
6480000 21 3
6481000 18 6
6482000 23 1
6484000 18 6
6485000 23 1
6486000 23 1
6487000 22 2
6488000 22 2
6489000 13 11
6490000 16 8
6491000 12 12
6492000 14 10
6493000 20 4
6494000 21 3
6495000 17 7
6496000 18 6
6497000 18 6
6498000 18 6
6499000 18 6
6500000 12 12
6501000 14 10
6502000 17 7
6507000 18 6
6508000 17 7
6509000 13 11
6511000 17 7
6512000 17 7
6513000 16 8
6514000 14 10
6515000 15 9
6516000 15 9
6517000 15 9
6518000 15 9
6519000 15 9
6520000 19 5
6521000 19 5
6522000 17 7
6523000 17 7
6524000 17 7
6525000 15 9
6526000 17 7
6527000 17 7
6528000 17 7
6529000 15 9
6531000 16 8
6532000 13 11
6533000 13 11
6534000 16 8
6536000 17 7
6537000 14 10
6538000 13 11
6540000 14 10
6541000 13 11
6545000 18 6
6546000 19 5
6547000 19 5
6557000 12 12
6560000 17 7
6561000 13 11
6563000 12 12
6564000 12 12
6565000 12 12
6566000 12 12
6567000 14 10
6568000 18 6
6569000 24 0
6570000 22 2
6575000 19 5
6582000 12 12
6586000 15 9
6587000 13 11
6588000 15 9
6589000 17 7
6596000 17 7
6614000 12 12
6616000 18 6
6617000 22 2
6623000 13 11
6635000 19 5
6636000 15 9
6638000 14 10
6639000 22 2
6641000 19 5
6644000 12 12
6645000 19 5
6646000 19 5
6647000 23 1
6648000 22 2
6649000 23 1
6650000 19 5
6652000 20 4
6654000 19 5
6655000 19 5
6657000 22 2
6658000 14 10
6659000 14 10
6660000 14 10
6662000 20 4
6664000 12 12
6665000 20 4
6666000 19 5
6667000 12 12
6678000 19 5
6679000 17 7
6680000 19 5
6682000 17 7
6683000 17 7
6684000 23 1
6685000 19 5
6686000 20 4
6687000 21 3
6688000 20 4
6689000 19 5
6691000 12 12
6692000 12 12
6693000 12 12
6696000 20 4
6697000 20 4
6698000 19 5
6699000 19 5
6700000 23 1
6701000 17 7
6702000 19 5
6704000 19 5
6705000 19 5
6706000 23 1
6707000 13 11
6708000 24 0
6709000 17 7
6710000 24 0
6712000 16 8
6716000 22 2
6717000 23 1
6718000 23 1
6719000 24 0
6720000 24 0
6721000 21 3
6722000 20 4
6723000 24 0
6724000 21 3
6725000 21 3
6726000 21 3
6727000 21 3
6728000 20 4
6729000 20 4
6730000 23 1
6731000 21 3
6732000 16 8
6734000 24 0
6736000 21 3
6737000 23 1
6738000 23 1
6739000 24 0
6740000 20 4
6741000 24 0
6742000 24 0
6743000 21 3
6744000 20 4
6745000 21 3
6746000 23 1
6747000 20 4
6748000 20 4
6749000 20 4
6752000 16 8
6753000 19 5
6754000 19 5
6756000 22 2
6757000 20 4
6760000 22 2
6761000 18 6
6762000 19 5
6763000 22 2
6764000 23 1
6765000 23 1
6766000 19 5
6767000 18 6
6768000 19 5
6769000 20 4
6770000 23 1
6772000 18 6
6773000 22 2
6774000 19 5
6775000 19 5
6776000 18 6
6777000 18 6
6778000 18 6
6779000 19 5
6780000 19 5
6781000 19 5
6782000 19 5
6783000 19 5
6784000 19 5
6785000 19 5
6786000 19 5
6787000 19 5
6788000 19 5
6789000 18 6
6790000 18 6
6791000 18 6
6792000 18 6
6793000 23 1
6794000 20 4
6795000 19 5
6796000 19 5
6797000 19 5
6798000 20 4
6799000 18 6
6800000 19 5
6801000 18 6
6802000 18 6
6803000 18 6
6804000 18 6
6805000 19 5
6806000 18 6
6807000 18 6
6808000 18 6
6809000 18 6
6810000 18 6
6811000 18 6
6812000 18 6
6813000 19 5
6814000 18 6
6815000 19 5
6819000 13 11
6820000 12 12
6822000 14 10
6823000 13 11
6826000 13 11
6836000 21 3
6839000 13 11
6840000 19 5
6842000 18 6
6843000 21 3
6844000 21 3
6845000 18 6
6846000 19 5
6847000 18 6
6851000 22 2
6852000 22 2
6862000 12 12
6863000 19 5
6864000 17 7
6865000 18 6
6866000 19 5
6867000 18 6
6868000 19 5
6869000 21 3
6870000 22 2
6871000 22 2
6872000 19 5
6873000 18 6
6874000 16 8
6875000 22 2
6876000 17 7
6877000 19 5
6878000 17 7
6879000 17 7
6880000 18 6
6881000 18 6
6882000 18 6
6884000 12 12
6885000 18 6
6886000 19 5
6887000 18 6
6888000 18 6
6889000 18 6
6890000 18 6
6891000 18 6
6892000 17 7
6893000 17 7
6894000 17 7
6895000 17 7
6916000 13 11
6919000 21 3
6920000 21 3
6921000 22 2
6922000 22 2
6923000 22 2
6924000 21 3
6925000 21 3
6926000 20 4
6927000 17 7
6928000 19 5
6929000 18 6
6931000 19 5
6932000 18 6
6933000 19 5
6934000 17 7
6935000 19 5
6936000 21 3
6937000 18 6
6940000 18 6
6941000 16 8
6942000 18 6
6951000 16 8
6954000 12 12
6955000 12 12
6957000 14 10
6958000 23 1
6960000 21 3
6961000 13 11
6962000 21 3
6963000 20 4
6964000 19 5
6965000 20 4
6967000 20 4
6968000 22 2
6969000 22 2
6970000 22 2
6971000 22 2
6972000 20 4
6973000 22 2
6974000 22 2
6975000 22 2
6976000 20 4
6977000 20 4
6978000 22 2
6979000 23 1
6980000 22 2
6981000 22 2
6983000 19 5
6984000 23 1
6985000 18 6
6986000 18 6
6988000 22 2
6989000 19 5
6990000 22 2
6991000 22 2
6992000 22 2
6993000 21 3
6994000 20 4
6995000 22 2
6996000 22 2
6997000 22 2
6998000 22 2
6999000 22 2
7000000 24 0
